46368 -71,45 81,38 -97,86 0,58 0,28 0,34 0,28 
46371 -71,42 81,38 -97,84 0,58 0,28 0,34 0,28 
46384 -71,30 81,39 -97,69 0,58 0,28 0,34 0,28 
46385 -71,28 81,39 -97,68 0,58 0,28 0,34 0,28 
46386 -71,28 81,39 -97,67 0,58 0,28 0,34 0,28 
46386 -71,26 81,39 -97,65 0,58 0,28 0,34 0,28 
46389 -71,24 81,39 -97,64 0,58 0,28 0,34 0,28 
46391 -71,23 81,39 -97,62 0,58 0,28 0,34 0,28 
46393 -71,21 81,40 -97,59 0,58 0,28 0,34 0,28 
46396 -71,19 81,41 -97,57 0,58 0,28 0,34 0,28 
46398 -71,17 81,41 -97,55 0,58 0,28 0,34 0,28 
46401 -71,16 81,41 -97,52 0,58 0,28 0,34 0,28 
46403 -71,14 81,42 -97,51 0,58 0,28 0,34 0,28 
46406 -71,13 81,42 -97,49 0,58 0,28 0,34 0,28 
46408 -71,11 81,42 -97,46 0,58 0,28 0,34 0,28 
46411 -71,09 81,43 -97,45 0,58 0,28 0,34 0,28 
46413 -71,08 81,43 -97,43 0,58 0,28 0,34 0,28 
46416 -71,06 81,44 -97,40 0,58 0,28 0,34 0,28 
46418 -71,05 81,44 -97,39 0,58 0,28 0,34 0,28 
46421 -71,03 81,44 -97,36 0,58 0,28 0,34 0,28 
46423 -71,02 81,45 -97,35 0,58 0,28 0,34 0,28 
46426 -71,01 81,46 -97,33 0,58 0,28 0,34 0,28 
46428 -70,98 81,47 -97,30 0,58 0,28 0,34 0,28 
46431 -70,97 81,47 -97,28 0,58 0,28 0,34 0,28 
46433 -70,96 81,48 -97,28 0,58 0,28 0,34 0,28 
46436 -74,28 81,20 -100,55 0,58 0,28 0,34 0,28 
46438 -74,27 81,21 -100,53 0,58 0,28 0,34 0,28 
46441 -74,26 81,22 -100,52 0,58 0,28 0,34 0,28 
46443 -74,25 81,22 -100,51 0,58 0,28 0,34 0,28 
46446 -74,23 81,24 -100,49 0,58 0,28 0,34 0,28 
46448 -74,22 81,24 -100,47 0,58 0,28 0,34 0,28 
46451 -74,20 81,25 -100,45 0,58 0,28 0,34 0,28 
46453 -74,18 81,26 -100,43 0,58 0,28 0,34 0,28 
46456 -74,16 81,27 -100,41 0,58 0,28 0,34 0,28 
46459 -74,14 81,28 -100,39 0,58 0,28 0,34 0,28 
46461 -74,12 81,30 -100,36 0,58 0,28 0,34 0,28 
46463 -74,11 81,30 -100,35 0,58 0,28 0,34 0,28 
46466 -74,08 81,32 -100,32 0,58 0,28 0,34 0,28 
46469 -74,06 81,33 -100,30 0,58 0,28 0,34 0,28 
46471 -74,04 81,35 -100,28 0,58 0,28 0,34 0,28 
46473 -74,02 81,36 -100,26 0,58 0,28 0,34 0,28 
46484 -73,92 81,42 -100,15 0,58 0,28 0,34 0,28 
46485 -73,92 81,42 -100,15 0,58 0,28 0,34 0,28 
46486 -73,91 81,42 -100,14 0,58 0,28 0,34 0,28 
46487 -73,90 81,43 -100,13 0,58 0,28 0,34 0,28 
46489 -73,88 81,44 -100,11 0,58 0,28 0,34 0,28 
46491 -73,85 81,46 -100,08 0,58 0,28 0,34 0,28 
46493 -73,84 81,47 -100,06 0,58 0,28 0,34 0,28 
46496 -73,81 81,48 -100,04 0,58 0,28 0,34 0,28 
46499 -73,78 81,51 -100,00 0,58 0,28 0,34 0,28 
46501 -73,75 81,53 -99,97 0,58 0,28 0,34 0,28 
46503 -73,73 81,54 -99,95 0,58 0,28 0,34 0,28 
46506 -73,69 81,56 -99,91 0,58 0,28 0,34 0,28 
46508 -73,67 81,58 -99,88 0,58 0,28 0,34 0,28 
46511 -73,63 81,61 -99,84 0,58 0,28 0,34 0,28 
46513 -73,61 81,62 -99,82 0,58 0,28 0,34 0,28 
46516 -73,57 81,64 -99,78 0,58 0,28 0,34 0,28 
46519 -73,53 81,67 -99,73 0,58 0,28 0,34 0,28 
46521 -73,50 81,69 -99,70 0,58 0,28 0,34 0,28 
46523 -73,46 81,70 -99,66 0,58 0,28 0,34 0,28 
46526 -73,42 81,73 -99,62 0,58 0,28 0,34 0,28 
46529 -73,39 81,75 -99,58 0,58 0,28 0,34 0,28 
46531 -73,35 81,77 -99,54 0,58 0,28 0,34 0,28 
46533 -73,33 81,78 -99,52 0,58 0,28 0,34 0,28 
46536 -73,28 81,81 -99,46 0,58 0,28 0,34 0,28 
46539 -73,24 81,82 -99,43 0,58 0,28 0,34 0,28 
46541 -73,25 81,27 -99,43 0,58 0,28 0,34 0,28 
46543 -73,23 81,28 -99,41 0,58 0,28 0,34 0,28 
46546 -73,18 81,31 -99,35 0,58 0,28 0,34 0,28 
46549 -73,14 81,33 -99,32 0,58 0,28 0,34 0,28 
46551 -73,08 81,36 -99,25 0,58 0,28 0,34 0,28 
46553 -73,04 81,38 -99,22 0,58 0,28 0,34 0,28 
46556 -73,01 81,41 -99,17 0,58 0,28 0,34 0,28 
46559 -72,95 81,43 -99,11 0,58 0,28 0,34 0,28 
46561 -72,89 81,47 -99,04 0,58 0,28 0,34 0,28 
46563 -72,85 81,49 -99,01 0,58 0,28 0,34 0,28 
46566 -72,80 81,51 -98,96 0,58 0,28 0,34 0,28 
46569 -72,74 81,54 -98,89 0,58 0,28 0,34 0,28 
46571 -72,69 81,57 -98,84 0,58 0,28 0,34 0,28 
46587 -72,33 81,75 -98,46 0,58 0,28 0,34 0,28 
46588 -72,30 81,76 -98,43 0,58 0,28 0,34 0,28 
46589 -72,28 81,77 -98,41 0,58 0,28 0,34 0,28 
46590 -72,25 81,78 -98,39 0,58 0,28 0,34 0,28 
46591 -72,22 81,80 -98,35 0,58 0,28 0,34 0,28 
46593 -72,17 81,82 -98,30 0,58 0,28 0,34 0,28 
46596 -72,12 81,84 -98,25 0,58 0,28 0,34 0,28 
46599 -72,04 81,88 -98,16 0,58 0,28 0,34 0,28 
46601 -71,98 81,91 -98,11 0,58 0,28 0,34 0,28 
46603 -71,93 81,93 -98,04 0,58 0,28 0,34 0,28 
46606 -71,85 81,97 -97,96 0,58 0,28 0,34 0,28 
46609 -71,75 82,00 -97,86 0,58 0,28 0,34 0,28 
46611 -71,69 82,03 -97,81 0,58 0,28 0,34 0,28 
46614 -71,59 82,07 -97,70 0,58 0,28 0,34 0,28 
46616 -71,53 82,09 -97,64 0,58 0,28 0,34 0,28 
46619 -71,46 82,12 -97,58 0,58 0,28 0,34 0,28 
46621 -71,37 82,16 -97,48 0,58 0,28 0,34 0,28 
46624 -71,29 82,19 -97,41 0,58 0,28 0,34 0,28 
46626 -71,23 82,21 -97,34 0,58 0,28 0,34 0,28 
46629 -71,14 82,24 -97,25 0,58 0,28 0,34 0,28 
46631 -71,02 82,28 -97,14 0,58 0,28 0,34 0,28 
46634 -70,95 82,31 -97,06 0,58 0,28 0,34 0,28 
46636 -70,87 82,33 -97,00 0,58 0,28 0,34 0,28 
46639 -70,75 82,37 -96,87 0,58 0,28 0,34 0,28 
46642 -70,68 82,39 -96,81 0,58 0,28 0,34 0,28 
46643 -70,59 82,42 -96,72 0,58 0,28 0,34 0,28 
46646 -70,49 82,45 -96,62 0,58 0,28 0,34 0,28 
46649 -70,40 82,48 -96,53 0,58 0,28 0,34 0,28 
46651 -70,30 82,52 -96,44 0,58 0,28 0,34 0,28 
46654 -70,20 82,54 -96,34 0,58 0,28 0,34 0,28 
46656 -70,13 82,56 -96,27 0,58 0,28 0,34 0,28 
46659 -70,06 82,59 -96,20 0,58 0,28 0,34 0,28 
46662 -69,94 82,63 -96,08 0,58 0,28 0,34 0,28 
46664 -69,81 82,66 -95,97 0,58 0,28 0,34 0,28 
46666 -69,78 82,67 -95,94 0,58 0,28 0,34 0,28 
46669 -69,64 82,14 -95,80 0,58 0,28 0,34 0,28 
46672 -69,56 82,16 -95,73 0,58 0,28 0,34 0,28 
46674 -69,46 82,20 -95,63 0,58 0,28 0,34 0,28 
46676 -69,40 82,22 -95,58 0,58 0,28 0,34 0,28 
46687 -69,05 82,36 -95,25 0,58 0,28 0,34 0,28 
46688 -69,03 82,36 -95,23 0,58 0,28 0,34 0,28 
46689 -69,00 82,38 -95,19 0,58 0,28 0,34 0,28 
46690 -68,95 82,39 -95,16 0,58 0,28 0,34 0,28 
46692 -68,93 82,41 -95,13 0,58 0,28 0,34 0,28 
46694 -68,84 82,44 -95,05 0,58 0,28 0,34 0,28 
46696 -68,77 82,47 -94,98 0,58 0,28 0,34 0,28 
46699 -68,67 82,50 -94,89 0,58 0,28 0,34 0,28 
46702 -68,61 82,54 -94,82 0,58 0,28 0,34 0,28 
46704 -68,51 82,57 -94,73 0,58 0,28 0,34 0,28 
46706 -68,47 82,59 -94,69 0,58 0,28 0,34 0,28 
46709 -68,39 82,63 -94,62 0,58 0,28 0,34 0,28 
46712 -68,32 82,65 -94,12 0,58 0,28 0,34 0,28 
46714 -68,23 82,69 -94,05 0,58 0,28 0,34 0,28 
46716 -68,21 82,71 -94,01 0,58 0,28 0,34 0,28 
46719 -68,11 82,75 -93,92 0,58 0,28 0,34 0,28 
46722 -68,05 82,77 -93,86 0,58 0,28 0,34 0,28 
46724 -67,95 82,82 -93,77 0,58 0,28 0,34 0,28 
46726 -67,90 82,84 -93,72 0,58 0,28 0,34 0,28 
46729 -67,83 82,87 -93,66 0,58 0,28 0,34 0,28 
46732 -67,75 82,91 -93,58 0,58 0,28 0,34 0,28 
46734 -67,69 82,94 -93,52 0,58 0,28 0,34 0,28 
46736 -67,63 82,96 -93,47 0,58 0,28 0,34 0,28 
46739 -67,54 83,00 -93,38 0,58 0,28 0,34 0,28 
46742 -67,45 83,04 -93,30 0,58 0,28 0,34 0,28 
46744 -67,39 83,08 -93,24 0,58 0,28 0,34 0,28 
46746 -67,33 83,10 -93,18 0,58 0,28 0,34 0,28 
46749 -67,25 83,13 -93,11 0,58 0,28 0,34 0,28 
46752 -67,17 83,17 -93,03 0,58 0,28 0,34 0,28 
46754 -67,09 83,20 -92,95 0,58 0,28 0,34 0,28 
46756 -67,03 83,22 -92,90 0,58 0,28 0,34 0,28 
46759 -66,97 83,25 -92,84 0,58 0,28 0,34 0,28 
46762 -66,87 83,30 -92,74 0,58 0,28 0,34 0,28 
46764 -66,81 83,32 -92,68 0,58 0,28 0,34 0,28 
46766 -66,72 83,36 -92,60 0,58 0,28 0,34 0,28 
46769 -66,66 83,39 -92,54 0,58 0,28 0,34 0,28 
46772 -66,56 83,43 -92,43 0,58 0,28 0,34 0,28 
46774 -66,50 83,45 -92,37 0,58 0,28 0,34 0,28 
46787 -66,05 83,64 -91,93 0,58 0,28 0,34 0,28 
46788 -66,05 83,64 -91,93 0,58 0,28 0,34 0,28 
46789 -66,01 83,66 -91,90 0,58 0,28 0,34 0,28 
46790 -65,97 83,67 -91,85 0,58 0,28 0,34 0,28 
46792 -65,90 83,70 -91,79 0,58 0,28 0,34 0,28 
46794 -65,84 83,72 -91,73 0,58 0,28 0,34 0,28 
46797 -65,77 83,76 -91,66 0,58 0,28 0,34 0,28 
46799 -65,67 83,80 -91,56 0,58 0,28 0,34 0,28 
46802 -65,59 83,82 -91,48 0,58 0,28 0,34 0,28 
46805 -65,49 83,86 -91,38 0,58 0,28 0,34 0,28 
46807 -65,44 83,88 -91,33 0,58 0,28 0,34 0,28 
46809 -65,33 83,92 -91,22 0,58 0,28 0,34 0,28 
46812 -65,24 83,95 -91,13 0,58 0,28 0,34 0,28 
46815 -65,15 83,98 -91,04 0,58 0,28 0,34 0,28 
46816 -65,11 83,99 -91,00 0,58 0,28 0,34 0,28 
46819 -64,99 84,04 -90,89 0,58 0,28 0,34 0,28 
46822 -64,92 84,06 -90,82 0,58 0,28 0,34 0,28 
46825 -64,80 84,10 -90,70 0,58 0,28 0,34 0,28 
46827 -64,74 84,12 -90,63 0,58 0,28 0,34 0,28 
46829 -64,63 84,16 -90,52 0,58 0,28 0,34 0,28 
46832 -64,56 84,18 -90,46 0,58 0,28 0,34 0,28 
46835 -64,44 84,22 -90,33 0,58 0,28 0,34 0,28 
46837 -64,37 84,24 -90,26 0,58 0,28 0,34 0,28 
46839 -64,28 84,27 -90,18 0,58 0,28 0,34 0,28 
46842 -64,16 84,30 -90,06 0,58 0,28 0,34 0,28 
46845 -64,07 84,33 -89,97 0,58 0,28 0,34 0,28 
46847 -63,99 84,35 -89,89 0,58 0,28 0,34 0,28 
46849 -63,85 84,39 -89,76 0,58 0,28 0,34 0,28 
46852 -63,78 84,41 -89,68 0,58 0,28 0,34 0,28 
46855 -63,66 84,44 -89,56 0,58 0,28 0,34 0,28 
46857 -63,57 84,47 -89,48 0,58 0,28 0,34 0,28 
46859 -63,47 84,49 -89,38 0,58 0,28 0,34 0,28 
46862 -63,35 84,53 -89,26 0,58 0,28 0,34 0,28 
46865 -63,21 84,56 -89,12 0,58 0,28 0,34 0,28 
46867 -63,16 84,57 -89,07 0,58 0,28 0,34 0,28 
46869 -63,01 84,61 -88,93 0,58 0,28 0,34 0,28 
46872 -62,89 84,64 -88,81 0,58 0,28 0,34 0,28 
46875 -62,78 84,66 -88,69 0,58 0,28 0,34 0,28 
46888 -62,18 84,80 -88,11 0,58 0,28 0,34 0,28 
46889 -62,12 84,81 -88,05 0,58 0,28 0,34 0,28 
46889 -62,12 84,81 -88,05 0,58 0,28 0,34 0,28 
46890 -62,05 84,82 -87,99 0,58 0,28 0,34 0,28 
46892 -61,95 84,84 -87,89 0,58 0,28 0,34 0,28 
46895 -61,78 84,88 -87,72 0,58 0,28 0,34 0,28 
46897 -61,74 84,89 -87,68 0,58 0,28 0,34 0,28 
46900 -61,56 84,92 -87,51 0,58 0,28 0,34 0,28 
46902 -61,44 84,94 -87,39 0,58 0,28 0,34 0,28 
46904 -61,34 84,97 -87,29 0,58 0,28 0,34 0,28 
46907 -61,15 85,00 -87,10 0,58 0,28 0,34 0,28 
46910 -61,03 85,02 -86,98 0,58 0,28 0,34 0,28 
46912 -60,82 85,05 -86,78 0,58 0,28 0,34 0,28 
46914 -60,69 85,08 -86,65 0,58 0,28 0,34 0,28 
46917 -60,52 85,10 -86,49 0,58 0,28 0,34 0,28 
46920 -60,33 85,13 -86,29 0,58 0,28 0,34 0,28 
46922 -60,15 85,16 -86,12 0,58 0,28 0,34 0,28 
46925 -59,95 85,19 -85,93 0,58 0,28 0,34 0,28 
46927 -59,87 85,20 -85,85 0,58 0,28 0,34 0,28 
46930 -59,62 85,23 -85,60 0,58 0,28 0,34 0,28 
46932 -59,47 85,26 -85,45 0,58 0,28 0,34 0,28 
46935 -59,20 85,29 -85,20 0,58 0,28 0,34 0,28 
46937 -59,04 85,31 -85,04 0,58 0,28 0,34 0,28 
46940 -58,86 85,33 -84,86 0,58 0,28 0,34 0,28 
46942 -58,60 85,37 -84,60 0,58 0,28 0,34 0,28 
46945 -58,33 85,40 -84,34 0,58 0,28 0,34 0,28 
46947 -58,16 85,42 -84,17 0,58 0,28 0,34 0,28 
46950 -57,95 85,44 -83,97 0,58 0,28 0,34 0,28 
46952 -57,68 85,48 -83,71 0,58 0,28 0,34 0,28 
46955 -57,48 85,50 -83,52 0,58 0,28 0,34 0,28 
46957 -57,30 85,52 -83,34 0,58 0,28 0,34 0,28 
46960 -56,99 85,55 -83,04 0,58 0,28 0,34 0,28 
46962 -56,82 85,57 -82,86 0,58 0,28 0,34 0,28 
46965 -56,50 85,60 -82,55 0,58 0,28 0,34 0,28 
46967 -56,31 85,62 -82,37 0,58 0,28 0,34 0,28 
46970 -56,08 85,65 -82,14 0,58 0,28 0,34 0,28 
46972 -55,80 85,67 -81,87 0,58 0,28 0,34 0,28 
46975 -55,55 85,70 -81,63 0,58 0,28 0,34 0,28 
46977 -55,36 85,71 -81,43 0,58 0,28 0,34 0,28 
46988 -54,21 85,82 -80,31 0,58 0,28 0,34 0,28 
46989 -54,10 85,82 -80,20 0,58 0,28 0,34 0,28 
46990 -54,10 85,82 -80,20 0,58 0,28 0,34 0,28 
46991 -53,96 85,84 -80,07 0,58 0,28 0,34 0,28 
46993 -53,76 85,86 -79,87 0,58 0,28 0,34 0,28 
46994 -53,57 85,87 -79,68 0,58 0,28 0,34 0,28 
46997 -53,33 85,89 -79,45 0,58 0,28 0,34 0,28 
47000 -53,02 85,92 -79,13 0,58 0,28 0,34 0,28 
47003 -52,78 85,93 -78,91 0,58 0,28 0,34 0,28 
47004 -52,58 85,95 -78,70 0,58 0,28 0,34 0,28 
47007 -52,22 85,98 -78,35 0,58 0,28 0,34 0,28 
47010 -52,01 85,99 -78,14 0,58 0,28 0,34 0,28 
47013 -51,64 86,01 -77,79 0,58 0,28 0,34 0,28 
47014 -51,43 86,03 -77,58 0,58 0,28 0,34 0,28 
47017 -51,17 86,05 -77,32 0,58 0,28 0,34 0,28 
47020 -50,87 86,07 -77,02 0,58 0,28 0,34 0,28 
47023 -50,60 86,09 -76,76 0,58 0,28 0,34 0,28 
47024 -50,40 86,10 -76,56 0,58 0,28 0,34 0,28 
47027 -50,19 86,11 -76,35 0,58 0,28 0,34 0,28 
47030 -49,84 86,14 -76,00 0,58 0,28 0,34 0,28 
47033 -49,63 86,15 -75,79 0,58 0,28 0,34 0,28 
47035 -49,31 86,17 -75,48 0,58 0,28 0,34 0,28 
47037 -49,10 86,18 -75,28 0,58 0,28 0,34 0,28 
47040 -48,75 86,20 -74,93 0,58 0,28 0,34 0,28 
47043 -44,71 86,75 -70,90 0,58 0,28 0,34 0,28 
47045 -44,42 86,76 -70,61 0,58 0,28 0,34 0,28 
47047 -44,03 86,77 -70,22 0,58 0,28 0,34 0,28 
47050 -43,75 86,79 -69,95 0,58 0,28 0,34 0,28 
47053 -43,38 86,81 -69,58 0,58 0,28 0,34 0,28 
47055 -43,10 86,82 -69,30 0,58 0,28 0,34 0,28 
47057 -42,73 86,83 -68,94 0,58 0,28 0,34 0,28 
47060 -42,47 86,84 -68,68 0,58 0,28 0,34 0,28 
47063 -42,12 86,86 -68,33 0,58 0,28 0,34 0,28 
47065 -41,96 86,87 -68,17 0,58 0,28 0,34 0,28 
47067 -41,64 86,88 -67,86 0,58 0,28 0,34 0,28 
47070 -41,37 86,89 -67,59 0,58 0,28 0,34 0,28 
47073 -41,07 86,90 -67,29 0,58 0,28 0,34 0,28 
47075 -40,80 86,92 -67,02 0,58 0,28 0,34 0,28 
47077 -40,60 86,92 -66,82 0,58 0,28 0,34 0,28 
47088 -39,49 86,97 -65,71 0,58 0,28 0,34 0,28 
47089 -39,40 86,98 -65,62 0,58 0,28 0,34 0,28 
47090 -39,40 86,98 -65,62 0,58 0,28 0,34 0,28 
47091 -39,27 86,98 -65,49 0,58 0,28 0,34 0,28 
47093 -39,10 86,99 -65,32 0,58 0,28 0,34 0,28 
47095 -38,92 87,00 -65,14 0,58 0,28 0,34 0,28 
47097 -38,73 87,00 -64,94 0,58 0,28 0,34 0,28 
47100 -38,46 87,02 -64,68 0,58 0,28 0,34 0,28 
47103 -38,19 87,03 -64,40 0,58 0,28 0,34 0,28 
47105 -38,12 87,04 -64,34 0,58 0,28 0,34 0,28 
47108 -31,13 87,53 -57,34 0,58 0,28 0,34 0,28 
47110 -30,82 87,54 -57,04 0,58 0,28 0,34 0,28 
47113 -30,61 87,55 -56,83 0,58 0,28 0,34 0,28 
47115 -30,43 87,56 -56,65 0,58 0,28 0,34 0,28 
47117 -30,20 87,56 -56,42 0,58 0,28 0,34 0,28 
47120 -29,95 87,57 -56,16 0,58 0,28 0,34 0,28 
47123 -29,69 87,59 -55,90 0,58 0,28 0,34 0,28 
47126 -29,52 87,60 -55,74 0,58 0,28 0,34 0,28 
47127 -29,31 87,61 -55,52 0,58 0,28 0,34 0,28 
47130 -29,08 87,62 -55,29 0,58 0,28 0,34 0,28 
47133 -28,87 87,63 -55,08 0,58 0,28 0,34 0,28 
47136 -28,64 87,64 -54,85 0,58 0,28 0,34 0,28 
47137 -28,55 87,65 -54,76 0,58 0,28 0,34 0,28 
47140 -28,27 87,66 -54,48 0,58 0,28 0,34 0,28 
47143 -28,11 87,67 -54,32 0,58 0,28 0,34 0,28 
47146 -27,83 87,68 -54,04 0,58 0,28 0,34 0,28 
47147 -27,67 87,69 -53,87 0,58 0,28 0,34 0,28 
47150 -27,48 87,70 -53,68 0,58 0,28 0,34 0,28 
47153 -27,23 87,71 -53,43 0,58 0,28 0,34 0,28 
47156 -27,05 87,72 -53,25 0,58 0,28 0,34 0,28 
47157 -26,90 87,73 -53,09 0,58 0,28 0,34 0,28 
47160 -26,63 87,74 -52,82 0,58 0,28 0,34 0,28 
47163 -26,39 87,76 -52,58 0,58 0,28 0,34 0,28 
47166 -26,21 87,77 -52,39 0,58 0,28 0,34 0,28 
47168 -26,03 87,78 -52,20 0,58 0,28 0,34 0,28 
47170 -25,83 87,79 -52,00 0,58 0,28 0,34 0,28 
47173 -25,60 87,80 -51,77 0,58 0,28 0,34 0,28 
47176 -25,39 87,81 -51,55 0,58 0,28 0,34 0,28 
47189 -24,25 87,87 -50,40 0,58 0,28 0,34 0,28 
47189 -24,16 87,88 -50,31 0,58 0,28 0,34 0,28 
47190 -24,16 87,88 -50,31 0,58 0,28 0,34 0,28 
47191 -24,03 87,88 -50,18 0,58 0,28 0,34 0,28 
47193 -23,87 87,89 -50,01 0,58 0,28 0,34 0,28 
47196 -23,70 87,90 -49,84 0,58 0,28 0,34 0,28 
47198 -23,49 87,92 -49,63 0,58 0,28 0,34 0,28 
47200 -23,23 87,93 -49,36 0,58 0,28 0,34 0,28 
47203 -22,92 87,94 -49,05 0,58 0,28 0,34 0,28 
47205 -22,74 87,95 -48,87 0,58 0,28 0,34 0,28 
47208 -22,53 87,96 -48,66 0,58 0,28 0,34 0,28 
47210 -22,25 87,98 -48,37 0,58 0,28 0,34 0,28 
47213 -22,09 87,99 -48,21 0,58 0,28 0,34 0,28 
47216 -21,79 88,00 -47,91 0,58 0,28 0,34 0,28 
47218 -21,57 88,01 -47,69 0,58 0,28 0,34 0,28 
47220 -21,39 88,02 -47,50 0,58 0,28 0,34 0,28 
47223 -21,06 88,04 -47,17 0,58 0,28 0,34 0,28 
47226 -20,76 88,05 -46,86 0,58 0,28 0,34 0,28 
47228 -20,62 88,06 -46,72 0,58 0,28 0,34 0,28 
47230 -20,34 88,07 -46,45 0,58 0,28 0,34 0,28 
47233 -20,09 88,08 -46,20 0,58 0,28 0,34 0,28 
47236 -19,82 88,10 -45,92 0,58 0,28 0,34 0,28 
47238 -19,71 88,10 -45,81 0,58 0,28 0,34 0,28 
47240 -19,40 88,11 -45,49 0,58 0,28 0,34 0,28 
47243 -19,22 88,12 -45,31 0,58 0,28 0,34 0,28 
47246 -18,91 88,14 -45,01 0,58 0,28 0,34 0,28 
47248 -18,74 88,14 -44,83 0,58 0,28 0,34 0,28 
47250 -18,45 88,15 -44,53 0,58 0,28 0,34 0,28 
47253 -18,27 88,16 -44,35 0,58 0,28 0,34 0,28 
47256 -17,96 88,17 -44,04 0,58 0,28 0,34 0,28 
47258 -17,85 88,18 -43,92 0,58 0,28 0,34 0,28 
47260 -17,54 88,19 -43,62 0,58 0,28 0,34 0,28 
47263 -17,37 88,20 -43,44 0,58 0,28 0,34 0,28 
47266 -17,07 88,21 -43,14 0,58 0,28 0,34 0,28 
47269 -16,90 88,21 -42,96 0,58 0,28 0,34 0,28 
47270 -16,67 88,22 -42,73 0,58 0,28 0,34 0,28 
47273 -16,41 88,23 -42,47 0,58 0,28 0,34 0,28 
47276 -16,17 88,23 -42,23 0,58 0,28 0,34 0,28 
47289 -15,03 88,27 -41,08 0,58 0,28 0,34 0,28 
47290 -14,94 88,27 -40,99 0,58 0,28 0,34 0,28 
47291 -14,82 88,27 -40,86 0,58 0,28 0,34 0,28 
47292 -14,74 88,27 -40,78 0,58 0,28 0,34 0,28 
47293 -14,57 88,27 -40,61 0,58 0,28 0,34 0,28 
47295 -14,47 88,28 -40,51 0,58 0,28 0,34 0,28 
47298 -14,17 88,28 -40,21 0,58 0,28 0,34 0,28 
47301 -13,99 88,28 -40,03 0,58 0,28 0,34 0,28 
47303 -13,72 88,29 -39,75 0,58 0,28 0,34 0,28 
47306 -13,40 88,29 -39,43 0,58 0,28 0,34 0,28 
47308 -13,23 88,29 -39,26 0,58 0,28 0,34 0,28 
47311 -13,06 88,30 -39,09 0,58 0,28 0,34 0,28 
47313 -12,78 88,30 -38,80 0,58 0,28 0,34 0,28 
47316 6,42 88,23 -19,61 0,55 0,30 0,36 0,26 
47318 6,63 88,23 -19,40 0,51 0,35 0,41 0,21 
47321 6,91 88,23 -19,12 0,46 0,40 0,46 0,16 
47323 7,11 88,23 -18,91 0,46 0,40 0,46 0,16 
47326 7,38 88,23 -18,64 0,46 0,40 0,46 0,16 
47328 7,50 88,22 -18,52 0,46 0,40 0,46 0,16 
47331 7,72 88,22 -18,30 0,46 0,40 0,46 0,16 
47333 7,97 88,22 -18,05 0,46 0,40 0,46 0,16 
47336 8,10 88,22 -17,91 0,46 0,40 0,46 0,16 
47338 8,28 88,22 -17,73 0,46 0,40 0,46 0,16 
47341 8,49 88,22 -17,52 0,46 0,40 0,46 0,16 
47343 8,67 88,21 -17,34 0,46 0,40 0,46 0,16 
47346 8,82 88,21 -17,19 0,46 0,40 0,46 0,16 
47348 8,99 88,21 -17,02 0,46 0,40 0,46 0,16 
47351 9,24 88,21 -16,77 0,46 0,40 0,46 0,16 
47353 9,38 88,20 -16,63 0,46 0,40 0,46 0,16 
47356 9,61 88,20 -16,40 0,46 0,40 0,46 0,16 
47358 9,74 88,20 -16,28 0,46 0,40 0,46 0,16 
47361 9,88 88,20 -16,14 0,46 0,40 0,46 0,16 
47364 10,08 88,19 -15,94 0,46 0,40 0,46 0,16 
47365 10,18 88,18 -15,84 0,46 0,40 0,46 0,16 
47368 10,37 88,18 -15,66 0,46 0,40 0,46 0,16 
47371 10,59 88,18 -15,44 0,46 0,40 0,46 0,16 
47374 10,79 88,17 -15,24 0,46 0,40 0,46 0,16 
47376 10,89 88,17 -15,15 0,46 0,40 0,46 0,16 
47378 11,07 88,16 -14,96 0,46 0,40 0,46 0,16 
47389 11,87 88,15 -14,18 0,46 0,40 0,46 0,16 
47390 11,87 88,15 -14,18 0,46 0,40 0,46 0,16 
47391 11,99 88,14 -14,05 0,46 0,40 0,46 0,16 
47392 11,99 88,14 -14,05 0,46 0,40 0,46 0,16 
47394 12,13 88,14 -13,91 0,46 0,40 0,46 0,16 
47396 12,39 88,13 -13,66 0,46 0,40 0,46 0,16 
47398 12,48 88,12 -13,57 0,46 0,40 0,46 0,16 
47401 12,76 88,12 -13,29 0,46 0,40 0,46 0,16 
47404 13,00 88,11 -13,05 0,46 0,40 0,46 0,16 
47406 13,09 88,11 -12,96 0,46 0,40 0,46 0,16 
47408 13,37 88,10 -12,68 0,46 0,40 0,46 0,16 
47411 13,54 88,10 -12,52 0,46 0,40 0,46 0,16 
47414 13,83 88,09 -12,23 0,46 0,40 0,46 0,16 
47416 14,00 88,09 -12,06 0,46 0,40 0,46 0,16 
47418 14,19 88,07 -11,88 0,46 0,40 0,46 0,16 
47421 14,44 88,07 -11,62 0,46 0,40 0,46 0,16 
47424 14,72 88,06 -11,35 0,46 0,40 0,46 0,16 
47426 14,88 88,05 -11,19 0,46 0,40 0,46 0,16 
47428 15,07 88,04 -11,00 0,46 0,40 0,46 0,16 
47431 15,32 88,04 -10,75 0,46 0,40 0,46 0,16 
47434 15,50 88,03 -10,57 0,46 0,40 0,46 0,16 
47436 15,68 88,02 -10,39 0,46 0,40 0,46 0,16 
47438 15,87 88,01 -10,20 0,46 0,40 0,46 0,16 
47441 16,08 88,00 -9,99 0,46 0,40 0,46 0,16 
47444 16,27 87,99 -9,80 0,46 0,40 0,46 0,16 
47447 16,49 87,99 -9,59 0,46 0,40 0,46 0,16 
47448 16,56 87,98 -9,50 0,46 0,40 0,46 0,16 
47451 16,82 87,97 -9,25 0,46 0,40 0,46 0,16 
47454 16,97 87,96 -9,10 0,46 0,40 0,46 0,16 
47457 17,23 87,95 -8,83 0,46 0,40 0,46 0,16 
47458 17,37 87,95 -8,70 0,46 0,40 0,46 0,16 
47461 17,59 87,94 -8,47 0,46 0,40 0,46 0,16 
47464 17,71 87,93 -8,35 0,46 0,40 0,46 0,16 
47467 17,91 87,92 -8,14 0,46 0,40 0,46 0,16 
47468 18,03 87,92 -8,02 0,46 0,40 0,46 0,16 
47471 18,16 87,90 -7,89 0,46 0,40 0,46 0,16 
47474 18,32 87,90 -7,72 0,46 0,40 0,46 0,16 
47477 18,43 87,89 -7,61 0,46 0,40 0,46 0,16 
47478 18,52 87,88 -7,52 0,46 0,40 0,46 0,16 
47489 19,00 87,85 -7,02 0,46 0,40 0,46 0,16 
47490 19,06 87,85 -6,97 0,46 0,40 0,46 0,16 
47491 19,08 87,85 -6,94 0,46 0,40 0,46 0,17 
47492 19,13 87,84 -6,89 0,46 0,40 0,46 0,17 
47494 19,20 87,84 -6,82 0,46 0,40 0,46 0,17 
47497 19,29 87,83 -6,72 0,46 0,40 0,46 0,17 
47499 19,36 87,83 -6,65 0,46 0,40 0,46 0,17 
47501 19,46 87,82 -6,55 0,46 0,40 0,46 0,17 
47504 19,56 87,82 -6,44 0,46 0,40 0,46 0,17 
47506 19,64 87,81 -6,35 0,46 0,40 0,46 0,17 
47509 19,73 87,81 -6,26 0,46 0,40 0,46 0,17 
47511 19,81 87,80 -6,17 0,46 0,40 0,46 0,17 
47514 19,90 87,79 -6,06 0,46 0,40 0,46 0,17 
47517 19,98 87,78 -5,97 0,46 0,40 0,46 0,17 
47519 20,05 87,78 -5,91 0,46 0,40 0,46 0,17 
47521 20,11 87,78 -5,83 0,46 0,40 0,46 0,17 
47524 20,21 87,77 -5,72 0,46 0,40 0,46 0,17 
47526 20,25 87,77 -5,68 0,46 0,40 0,46 0,17 
47529 20,34 87,76 -5,58 0,46 0,40 0,46 0,17 
47531 20,44 87,75 -5,47 0,46 0,40 0,46 0,17 
47534 20,52 87,74 -5,38 0,46 0,40 0,46 0,17 
47536 20,55 87,74 -5,35 0,46 0,40 0,46 0,17 
47539 20,63 87,74 -5,25 0,46 0,40 0,46 0,17 
47541 20,68 87,73 -5,19 0,46 0,40 0,46 0,17 
47544 20,77 87,73 -5,09 0,46 0,40 0,46 0,17 
47546 20,82 87,73 -5,04 0,46 0,40 0,46 0,17 
47549 20,87 87,72 -4,98 0,46 0,40 0,46 0,17 
47551 20,94 87,72 -4,91 0,46 0,40 0,46 0,17 
47554 20,99 87,72 -4,85 0,46 0,40 0,46 0,17 
47556 21,04 87,71 -4,79 0,46 0,40 0,46 0,17 
47559 21,12 87,71 -4,70 0,46 0,40 0,46 0,17 
47562 21,16 87,71 -4,65 0,46 0,40 0,46 0,17 
47564 21,25 87,70 -4,55 0,46 0,40 0,46 0,17 
47566 21,30 87,70 -4,49 0,46 0,40 0,46 0,17 
47569 21,39 87,70 -4,40 0,46 0,40 0,46 0,17 
47572 21,45 87,70 -4,33 0,46 0,40 0,46 0,17 
47574 21,56 87,69 -4,21 0,46 0,40 0,46 0,17 
47576 21,62 87,69 -4,15 0,46 0,40 0,46 0,17 
47590 35,98 87,63 10,21 0,38 0,48 0,38 0,25 
47591 36,00 87,63 10,23 0,36 0,50 0,36 0,27 
47592 36,02 87,63 10,26 0,34 0,52 0,34 0,28 
47592 36,04 87,63 10,28 0,34 0,52 0,34 0,28 
47594 36,06 87,63 10,31 0,29 0,57 0,29 0,33 
47597 36,11 87,63 10,36 0,28 0,58 0,28 0,34 
47599 36,14 87,63 10,38 0,28 0,58 0,28 0,34 
47601 36,21 87,63 10,46 0,28 0,58 0,28 0,34 
47604 36,25 87,63 10,50 0,28 0,58 0,28 0,34 
47606 36,29 87,63 10,55 0,28 0,58 0,28 0,34 
47609 36,36 87,63 10,62 0,28 0,58 0,28 0,34 
47612 36,41 87,63 10,67 0,28 0,58 0,28 0,34 
47614 36,49 87,63 10,76 0,28 0,58 0,28 0,34 
47617 36,55 87,63 10,82 0,28 0,58 0,28 0,34 
47619 36,60 87,64 10,87 0,28 0,58 0,28 0,34 
47622 36,70 87,64 10,98 0,28 0,58 0,28 0,34 
47624 36,77 87,64 11,04 0,28 0,58 0,28 0,34 
47626 36,86 87,64 11,13 0,28 0,58 0,28 0,34 
47629 36,96 87,64 11,23 0,28 0,58 0,28 0,34 
47632 37,06 87,64 11,33 0,28 0,58 0,28 0,34 
47634 37,17 87,64 11,45 0,28 0,58 0,28 0,34 
47636 37,22 87,64 11,49 0,28 0,58 0,28 0,34 
47639 37,36 87,65 11,63 0,28 0,58 0,28 0,34 
47642 37,51 87,65 11,78 0,28 0,58 0,28 0,34 
47645 37,63 87,65 11,90 0,28 0,58 0,28 0,34 
47646 37,68 87,65 11,95 0,28 0,58 0,28 0,34 
47649 37,84 87,65 12,11 0,28 0,58 0,28 0,34 
47652 37,93 87,65 12,20 0,28 0,58 0,28 0,34 
47654 38,03 87,66 12,29 0,28 0,58 0,28 0,34 
47656 38,17 87,66 12,43 0,28 0,58 0,28 0,34 
47659 38,31 87,66 12,57 0,28 0,58 0,28 0,34 
47662 38,40 87,66 12,66 0,28 0,58 0,28 0,34 
47665 38,57 87,67 12,83 0,28 0,58 0,28 0,34 
47666 38,69 87,67 12,94 0,28 0,58 0,28 0,34 
47669 38,82 87,67 13,07 0,28 0,58 0,28 0,34 
47672 39,01 87,67 13,27 0,28 0,58 0,28 0,34 
47675 39,15 87,67 13,40 0,28 0,58 0,28 0,34 
47676 39,27 87,67 13,52 0,28 0,58 0,28 0,34 
47679 39,48 87,67 13,73 0,28 0,58 0,28 0,34 
47690 40,13 87,68 14,37 0,28 0,58 0,28 0,34 
47691 40,26 87,68 14,50 0,28 0,58 0,28 0,34 
47692 40,26 87,68 14,50 0,28 0,58 0,28 0,34 
47693 40,33 87,68 14,57 0,28 0,58 0,28 0,34 
47695 40,48 87,68 14,72 0,28 0,58 0,28 0,34 
47696 40,61 87,68 14,85 0,28 0,58 0,28 0,34 
47699 40,77 87,69 15,01 0,28 0,58 0,28 0,34 
47702 40,94 87,69 15,18 0,28 0,58 0,28 0,34 
47705 41,11 87,69 15,35 0,28 0,58 0,28 0,34 
47706 41,22 87,70 15,46 0,28 0,58 0,28 0,34 
47709 41,34 87,70 15,58 0,28 0,58 0,28 0,34 
47712 41,54 87,70 15,78 0,28 0,58 0,28 0,34 
47715 41,65 87,70 15,89 0,28 0,58 0,28 0,34 
47717 41,84 87,70 16,08 0,28 0,58 0,28 0,34 
47719 41,95 87,70 16,19 0,28 0,58 0,28 0,34 
47722 42,08 87,70 16,32 0,28 0,58 0,28 0,34 
47725 42,25 87,70 16,50 0,28 0,58 0,28 0,34 
47727 42,38 87,70 16,62 0,28 0,58 0,28 0,34 
47729 42,55 87,71 16,79 0,28 0,58 0,28 0,34 
47732 42,67 87,71 16,91 0,28 0,58 0,28 0,34 
47735 42,83 87,71 17,08 0,28 0,58 0,28 0,34 
47737 42,90 87,71 17,15 0,28 0,58 0,28 0,34 
47739 43,05 87,71 17,29 0,28 0,58 0,28 0,34 
47742 43,21 87,71 17,46 0,28 0,58 0,28 0,34 
47745 43,30 87,71 17,55 0,28 0,58 0,28 0,34 
47747 43,40 87,71 17,66 0,28 0,58 0,28 0,34 
47749 43,50 87,71 17,75 0,28 0,58 0,28 0,34 
47752 43,62 87,71 17,88 0,28 0,58 0,28 0,34 
47755 43,74 87,71 18,00 0,28 0,58 0,28 0,34 
47757 43,79 87,71 18,05 0,28 0,58 0,28 0,34 
47759 43,89 87,71 18,15 0,28 0,58 0,28 0,34 
47762 43,96 87,71 18,23 0,28 0,58 0,28 0,34 
47765 44,06 87,71 18,33 0,28 0,58 0,28 0,34 
47767 44,14 87,71 18,41 0,28 0,58 0,28 0,34 
47769 44,20 87,71 18,48 0,28 0,58 0,28 0,34 
47772 44,31 87,71 18,60 0,28 0,58 0,28 0,34 
47775 44,40 87,71 18,69 0,28 0,58 0,28 0,34 
47777 44,44 87,71 18,73 0,28 0,58 0,28 0,34 
47779 44,53 87,71 18,83 0,28 0,58 0,28 0,34 
47790 44,85 87,70 19,16 0,28 0,58 0,28 0,34 
47791 44,88 87,70 19,19 0,28 0,58 0,28 0,34 
47792 44,88 87,70 19,19 0,28 0,58 0,28 0,34 
47793 44,94 87,70 19,25 0,28 0,58 0,28 0,34 
47795 44,97 87,70 19,28 0,28 0,58 0,28 0,34 
47798 45,07 87,70 19,39 0,28 0,58 0,28 0,34 
47799 45,13 87,69 19,45 0,28 0,58 0,28 0,34 
47802 45,18 87,69 19,50 0,28 0,58 0,28 0,34 
47805 45,27 87,69 19,59 0,28 0,58 0,28 0,34 
47807 45,32 87,68 19,64 0,28 0,58 0,28 0,34 
47809 45,38 87,68 19,70 0,28 0,58 0,28 0,34 
47812 45,45 87,68 19,78 0,28 0,58 0,28 0,34 
47815 45,50 87,68 19,83 0,28 0,58 0,28 0,34 
47818 45,56 87,67 19,90 0,28 0,58 0,28 0,34 
47819 45,61 87,67 19,95 0,28 0,58 0,28 0,34 
47822 45,66 87,67 19,99 0,28 0,58 0,28 0,34 
47825 45,73 87,66 20,06 0,28 0,58 0,28 0,34 
47828 45,79 87,66 20,12 0,28 0,58 0,28 0,34 
47829 45,80 87,66 20,14 0,28 0,58 0,28 0,34 
47832 45,84 87,66 20,17 0,28 0,58 0,28 0,34 
47835 45,85 87,65 20,18 0,28 0,58 0,28 0,34 
47837 45,86 87,65 20,19 0,28 0,58 0,28 0,34 
47840 45,85 87,65 20,18 0,28 0,58 0,28 0,34 
47842 45,84 87,65 20,17 0,28 0,58 0,28 0,34 
47845 45,83 87,65 20,15 0,28 0,58 0,28 0,34 
47847 45,80 87,64 20,12 0,28 0,58 0,28 0,34 
47850 45,78 87,64 20,09 0,28 0,58 0,28 0,34 
47852 45,75 87,64 20,07 0,28 0,58 0,28 0,34 
47855 45,72 87,64 20,03 0,28 0,58 0,28 0,34 
47857 45,69 87,64 20,00 0,28 0,58 0,28 0,34 
47859 45,67 87,63 19,97 0,28 0,58 0,28 0,34 
47862 45,61 87,63 19,91 0,28 0,58 0,28 0,34 
47865 45,55 87,63 19,84 0,28 0,58 0,28 0,34 
47867 45,49 87,62 19,78 0,28 0,58 0,28 0,34 
47870 45,41 87,62 19,69 0,28 0,58 0,28 0,34 
47872 45,36 87,62 19,63 0,28 0,58 0,28 0,34 
47875 45,25 87,62 19,53 0,28 0,58 0,28 0,34 
47878 45,14 87,62 19,41 0,28 0,58 0,28 0,34 
47879 45,05 87,62 19,31 0,28 0,58 0,28 0,34 
47891 44,34 87,62 18,58 0,28 0,58 0,28 0,34 
47891 44,34 87,62 18,58 0,28 0,58 0,28 0,34 
47892 44,24 87,62 18,48 0,28 0,58 0,28 0,34 
47893 44,18 87,62 18,42 0,28 0,58 0,28 0,34 
47895 44,04 87,62 18,28 0,28 0,58 0,28 0,34 
47897 43,85 87,62 18,08 0,28 0,58 0,28 0,34 
47900 43,63 87,62 17,86 0,28 0,58 0,28 0,34 
47902 43,43 87,62 17,65 0,28 0,58 0,28 0,34 
47905 43,21 87,62 17,42 0,28 0,58 0,28 0,34 
47907 43,11 87,62 17,33 0,28 0,58 0,28 0,34 
47910 42,83 87,62 17,04 0,28 0,58 0,28 0,34 
47913 42,65 87,62 16,86 0,28 0,58 0,28 0,34 
47915 42,34 87,62 16,55 0,28 0,58 0,28 0,34 
47917 42,16 87,62 16,36 0,28 0,58 0,28 0,34 
47920 41,83 87,62 16,03 0,28 0,58 0,28 0,34 
47923 41,64 87,62 16,22 0,28 0,58 0,28 0,34 
47925 41,29 87,62 15,86 0,28 0,58 0,28 0,34 
47927 41,21 87,62 15,78 0,28 0,58 0,28 0,34 
47930 40,82 87,62 15,38 0,28 0,58 0,28 0,34 
47933 40,50 87,62 15,06 0,28 0,58 0,28 0,34 
47935 40,35 87,62 14,90 0,28 0,58 0,28 0,34 
47937 40,05 87,63 14,60 0,28 0,58 0,28 0,34 
47940 39,76 87,63 14,31 0,28 0,58 0,28 0,34 
47943 39,43 87,63 13,97 0,28 0,58 0,28 0,34 
47945 39,02 87,63 13,56 0,28 0,58 0,28 0,34 
47947 38,89 87,63 13,42 0,28 0,58 0,28 0,34 
47950 38,47 87,64 13,00 0,28 0,58 0,28 0,34 
47953 38,12 87,64 12,65 0,28 0,58 0,28 0,34 
47955 37,98 87,64 12,51 0,28 0,58 0,28 0,34 
47957 37,54 87,64 12,06 0,28 0,58 0,28 0,34 
47960 37,28 87,64 11,80 0,28 0,58 0,28 0,34 
47963 36,81 87,64 11,32 0,28 0,58 0,28 0,34 
47965 36,53 87,64 11,04 0,28 0,58 0,28 0,34 
47967 36,20 87,64 10,71 0,28 0,58 0,28 0,34 
47970 35,74 87,64 10,25 0,28 0,58 0,28 0,34 
47973 35,34 87,65 9,84 0,28 0,58 0,28 0,34 
47975 35,05 87,65 9,55 0,28 0,58 0,28 0,34 
47978 34,55 87,65 9,05 0,28 0,58 0,28 0,34 
47980 34,11 87,65 8,60 0,28 0,58 0,28 0,34 
47991 32,68 87,65 7,17 0,28 0,58 0,28 0,34 
47992 32,68 87,65 7,17 0,28 0,58 0,28 0,34 
47993 32,49 87,65 6,99 0,28 0,58 0,28 0,34 
47994 32,38 87,65 6,88 0,28 0,58 0,28 0,34 
47995 32,13 87,65 6,62 0,28 0,58 0,28 0,34 
47997 31,80 87,65 6,30 0,28 0,58 0,28 0,34 
48000 31,45 87,65 5,95 0,28 0,58 0,28 0,34 
48003 31,14 87,65 5,63 0,28 0,58 0,28 0,34 
48005 30,78 87,65 5,27 0,29 0,57 0,29 0,34 
48007 30,64 87,65 5,13 0,29 0,57 0,29 0,33 
48010 30,20 87,65 4,70 0,30 0,55 0,30 0,32 
48013 29,94 87,65 4,44 0,31 0,54 0,31 0,31 
48016 29,50 87,65 4,00 0,33 0,53 0,33 0,30 
48017 29,21 87,65 3,70 0,33 0,52 0,33 0,29 
48020 28,92 87,65 3,42 0,34 0,52 0,34 0,28 
48023 28,55 87,65 3,04 0,35 0,51 0,35 0,27 
48026 28,28 87,65 2,77 0,36 0,50 0,36 0,27 
48027 28,05 87,65 2,54 0,36 0,50 0,36 0,26 
48030 27,67 87,65 2,15 0,37 0,49 0,37 0,25 
48033 27,46 87,65 1,94 0,37 0,48 0,37 0,25 
48036 27,10 87,65 1,58 0,38 0,47 0,38 0,24 
48038 26,90 87,65 1,38 0,39 0,47 0,39 0,23 
48040 26,66 87,65 1,15 0,39 0,47 0,39 0,23 
48043 26,40 87,65 0,88 0,40 0,46 0,40 0,22 
48045 26,29 87,65 0,77 0,40 0,46 0,40 0,22 
48048 25,98 87,65 0,47 0,41 0,45 0,41 0,21 
48050 25,80 87,65 0,28 0,41 0,44 0,41 0,21 
48053 25,51 87,66 -0,01 0,42 0,44 0,42 0,20 
48055 25,34 87,66 -0,18 0,43 0,43 0,43 0,20 
48058 25,06 87,66 -0,46 0,43 0,43 0,43 0,19 
48061 24,90 87,66 -0,62 0,44 0,42 0,44 0,18 
48063 24,67 87,66 -0,85 0,44 0,41 0,44 0,18 
48065 24,52 87,66 -1,01 0,45 0,41 0,45 0,17 
48068 24,35 87,66 -1,18 0,45 0,41 0,45 0,17 
48071 24,12 87,66 -1,41 0,46 0,40 0,46 0,16 
48073 23,86 87,66 -1,67 0,46 0,40 0,46 0,16 
48075 23,71 87,66 -1,82 0,46 0,40 0,46 0,16 
48078 23,54 87,67 -1,99 0,46 0,40 0,46 0,16 
48081 23,31 87,67 -2,23 0,46 0,40 0,46 0,16 
48091 22,52 87,67 -3,03 0,46 0,40 0,46 0,16 
48092 22,41 87,68 -3,14 0,46 0,40 0,46 0,16 
48093 22,34 87,68 -3,21 0,46 0,40 0,46 0,16 
48094 22,25 87,68 -3,30 0,46 0,40 0,46 0,16 
48096 22,09 87,68 -3,46 0,46 0,40 0,46 0,16 
48098 21,91 87,68 -3,64 0,46 0,40 0,46 0,16 
48100 21,76 87,68 -3,80 0,46 0,40 0,46 0,16 
48103 21,58 87,68 -3,99 0,46 0,40 0,46 0,16 
48106 21,34 87,69 -4,23 0,46 0,40 0,46 0,16 
48108 21,14 87,69 -4,43 0,46 0,40 0,46 0,16 
48110 20,99 87,70 -4,59 0,46 0,40 0,46 0,16 
48113 20,84 87,70 -4,74 0,46 0,40 0,46 0,16 
48116 20,59 87,70 -4,99 0,46 0,40 0,46 0,16 
48118 20,46 87,70 -5,13 0,46 0,40 0,46 0,16 
48120 20,30 87,70 -5,29 0,46 0,40 0,46 0,16 
48123 20,08 87,71 -5,50 0,46 0,40 0,46 0,16 
48126 19,94 87,71 -5,65 0,46 0,40 0,46 0,16 
48128 19,75 87,71 -5,84 0,46 0,40 0,46 0,16 
48130 19,62 87,71 -5,98 0,46 0,40 0,46 0,16 
48133 19,45 87,71 -6,15 0,46 0,40 0,46 0,16 
48136 19,33 87,72 -6,27 0,46 0,40 0,46 0,16 
48138 19,18 87,72 -6,41 0,46 0,40 0,46 0,16 
48140 19,13 87,72 -6,47 0,46 0,40 0,46 0,16 
48143 19,03 87,72 -6,56 0,46 0,40 0,46 0,16 
48146 18,96 87,72 -6,64 0,46 0,40 0,46 0,16 
48148 18,89 87,72 -6,71 0,46 0,40 0,46 0,16 
48150 18,86 87,73 -6,73 0,46 0,40 0,46 0,16 
48153 18,79 87,73 -6,81 0,46 0,40 0,46 0,16 
48156 18,75 87,73 -6,85 0,46 0,40 0,46 0,16 
48159 18,72 87,73 -6,88 0,46 0,40 0,46 0,16 
48160 18,69 87,73 -6,91 0,46 0,40 0,46 0,16 
48163 18,68 87,73 -6,92 0,46 0,40 0,46 0,16 
48166 18,67 87,73 -6,94 0,46 0,40 0,46 0,16 
48169 18,66 87,74 -6,94 0,46 0,40 0,46 0,16 
48170 18,67 87,74 -6,94 0,46 0,40 0,46 0,16 
48173 18,68 87,74 -6,92 0,46 0,40 0,46 0,16 
48176 18,69 87,74 -6,92 0,46 0,40 0,46 0,16 
48179 18,70 87,75 -6,91 0,46 0,40 0,46 0,16 
48180 18,70 87,75 -6,91 0,46 0,40 0,46 0,16 
48191 18,71 87,77 -6,92 0,46 0,40 0,46 0,16 
48192 18,71 87,77 -6,92 0,46 0,40 0,46 0,16 
48193 18,71 87,77 -6,92 0,46 0,40 0,46 0,16 
48194 18,71 87,77 -6,92 0,46 0,40 0,46 0,16 
48196 18,71 87,77 -6,93 0,46 0,40 0,46 0,16 
48198 18,71 87,77 -6,93 0,46 0,40 0,46 0,16 
48201 18,70 87,78 -6,94 0,46 0,40 0,46 0,16 
48203 18,68 87,78 -6,96 0,46 0,40 0,46 0,16 
48206 18,67 87,78 -6,98 0,46 0,40 0,46 0,16 
48208 18,63 87,79 -7,02 0,46 0,40 0,46 0,16 
48211 18,58 87,79 -7,08 0,46 0,40 0,46 0,16 
48213 18,52 87,79 -7,14 0,46 0,40 0,46 0,16 
48216 18,44 87,80 -7,22 0,46 0,40 0,46 0,16 
48218 18,40 87,80 -7,26 0,46 0,40 0,46 0,16 
48221 18,28 87,81 -7,39 0,46 0,40 0,46 0,16 
48223 18,19 87,81 -7,47 0,46 0,40 0,46 0,16 
48226 18,03 87,82 -7,63 0,46 0,40 0,46 0,16 
48228 17,94 87,82 -7,73 0,46 0,40 0,46 0,16 
48231 17,75 87,82 -7,92 0,46 0,40 0,46 0,16 
48233 17,64 87,82 -8,03 0,46 0,40 0,46 0,16 
48236 17,42 87,83 -8,25 0,46 0,40 0,46 0,16 
48238 17,30 87,83 -8,38 0,46 0,40 0,46 0,16 
48241 17,18 87,83 -8,49 0,46 0,40 0,46 0,16 
48243 16,97 87,84 -8,70 0,46 0,40 0,46 0,16 
48246 16,82 87,84 -8,85 0,46 0,40 0,46 0,16 
48249 16,63 87,84 -9,04 0,46 0,40 0,46 0,16 
48251 16,49 87,84 -9,18 0,46 0,40 0,46 0,16 
48253 16,30 87,85 -9,37 0,46 0,40 0,46 0,16 
48256 16,17 87,85 -9,50 0,46 0,40 0,46 0,16 
48259 15,98 87,85 -9,69 0,46 0,40 0,46 0,16 
48261 15,90 87,85 -9,77 0,46 0,40 0,46 0,16 
48263 15,72 87,85 -9,95 0,46 0,40 0,46 0,16 
48266 15,52 87,85 -10,15 0,46 0,40 0,46 0,16 
48269 15,40 87,85 -10,27 0,46 0,40 0,46 0,16 
48271 15,27 87,85 -10,40 0,46 0,40 0,46 0,16 
48274 15,12 87,85 -10,55 0,46 0,40 0,46 0,16 
48276 14,99 87,85 -10,68 0,46 0,40 0,46 0,16 
48278 14,89 87,85 -10,78 0,46 0,40 0,46 0,16 
48292 14,24 87,85 -11,42 0,46 0,40 0,46 0,16 
48293 14,22 87,85 -11,45 0,46 0,40 0,46 0,16 
48294 14,18 87,85 -11,49 0,46 0,40 0,46 0,16 
48294 14,15 87,85 -11,52 0,46 0,40 0,46 0,16 
48296 14,11 87,85 -11,55 0,46 0,40 0,46 0,16 
48298 14,04 87,85 -11,62 0,46 0,40 0,46 0,16 
48301 13,95 87,85 -11,71 0,46 0,40 0,46 0,16 
48304 13,90 87,85 -11,77 0,46 0,40 0,46 0,16 
48306 13,82 87,85 -11,84 0,46 0,40 0,46 0,16 
48308 13,76 87,85 -11,90 0,46 0,40 0,46 0,16 
48311 13,69 87,85 -11,96 0,46 0,40 0,46 0,16 
48314 13,58 87,84 -12,07 0,46 0,40 0,46 0,16 
48316 13,49 87,84 -12,17 0,46 0,40 0,46 0,16 
48318 13,45 87,84 -12,21 0,46 0,40 0,46 0,16 
48321 13,37 87,84 -12,28 0,46 0,40 0,46 0,16 
48324 13,30 87,84 -12,35 0,46 0,40 0,46 0,16 
48326 13,22 87,83 -12,43 0,46 0,40 0,46 0,16 
48328 13,19 87,83 -12,46 0,46 0,40 0,46 0,16 
48331 13,09 87,83 -12,56 0,46 0,40 0,46 0,16 
48334 13,03 87,83 -12,62 0,46 0,40 0,46 0,16 
48337 12,97 87,82 -12,68 0,46 0,40 0,46 0,16 
48338 12,94 87,82 -12,70 0,46 0,40 0,46 0,16 
48341 12,87 87,82 -12,77 0,46 0,40 0,46 0,16 
48344 12,80 87,81 -12,83 0,46 0,40 0,46 0,16 
48347 12,76 87,81 -12,88 0,46 0,40 0,46 0,16 
48348 12,74 87,81 -12,90 0,46 0,40 0,46 0,16 
48351 12,70 87,80 -12,94 0,46 0,40 0,46 0,16 
48354 12,68 87,80 -12,96 0,46 0,40 0,46 0,16 
48357 12,67 87,79 -12,97 0,46 0,40 0,46 0,16 
48358 12,66 87,79 -12,98 0,46 0,40 0,46 0,16 
48361 12,66 87,78 -12,99 0,46 0,40 0,46 0,16 
48364 12,65 87,78 -12,99 0,46 0,40 0,46 0,16 
48367 12,66 87,77 -12,98 0,46 0,40 0,46 0,16 
48369 12,67 87,77 -12,96 0,46 0,40 0,46 0,16 
48371 12,72 87,76 -12,93 0,46 0,40 0,46 0,16 
48374 12,75 87,76 -12,89 0,46 0,40 0,46 0,16 
48377 12,78 87,75 -12,86 0,46 0,40 0,46 0,16 
48378 12,81 87,74 -12,83 0,46 0,40 0,46 0,16 
48381 12,85 87,74 -12,79 0,46 0,40 0,46 0,16 
48392 13,04 87,71 -12,61 0,46 0,40 0,46 0,16 
48393 13,04 87,71 -12,61 0,46 0,40 0,46 0,16 
48394 13,06 87,71 -12,59 0,46 0,40 0,46 0,16 
48395 13,08 87,71 -12,56 0,46 0,40 0,46 0,16 
48397 13,15 87,70 -12,50 0,46 0,40 0,46 0,16 
48398 13,18 87,70 -12,48 0,46 0,40 0,46 0,16 
48401 13,27 87,70 -12,38 0,46 0,40 0,46 0,16 
48404 13,39 87,68 -12,27 0,46 0,40 0,46 0,16 
48407 13,46 87,68 -12,20 0,46 0,40 0,46 0,16 
48409 13,59 87,67 -12,08 0,46 0,40 0,46 0,16 
48411 13,66 87,67 -12,01 0,46 0,40 0,46 0,16 
48414 13,73 87,67 -11,94 0,46 0,40 0,46 0,16 
48417 13,84 87,66 -11,84 0,46 0,40 0,46 0,16 
48419 13,91 87,66 -11,78 0,46 0,40 0,46 0,16 
48421 14,02 87,65 -11,67 0,46 0,40 0,46 0,16 
48424 14,10 87,65 -11,60 0,46 0,40 0,46 0,16 
48427 14,21 87,64 -11,50 0,46 0,40 0,46 0,16 
48429 14,26 87,64 -11,45 0,46 0,40 0,46 0,16 
48431 14,35 87,64 -11,37 0,46 0,40 0,46 0,16 
48434 14,46 87,63 -11,26 0,46 0,40 0,46 0,16 
48437 14,57 87,62 -11,16 0,46 0,40 0,46 0,16 
48439 14,62 87,62 -11,12 0,46 0,40 0,46 0,16 
48441 14,72 87,62 -11,03 0,46 0,40 0,46 0,16 
48444 14,81 87,62 -10,94 0,46 0,40 0,46 0,16 
48447 14,91 87,61 -10,85 0,46 0,40 0,46 0,16 
48449 14,95 87,61 -10,81 0,46 0,40 0,46 0,16 
48451 15,07 87,61 -10,70 0,46 0,40 0,46 0,16 
48454 15,19 87,60 -10,59 0,46 0,40 0,46 0,16 
48457 15,28 87,60 -10,50 0,46 0,40 0,46 0,16 
48459 15,32 87,60 -10,46 0,46 0,40 0,46 0,16 
48461 15,44 87,60 -10,35 0,46 0,40 0,46 0,16 
48464 15,52 87,59 -10,27 0,46 0,40 0,46 0,16 
48467 15,66 87,59 -10,15 0,46 0,40 0,46 0,16 
48469 15,69 87,59 -10,11 0,46 0,40 0,46 0,16 
48471 15,83 87,59 -9,98 0,46 0,40 0,46 0,16 
48474 15,94 87,58 -9,87 0,46 0,40 0,46 0,16 
48477 16,04 87,58 -9,78 0,46 0,40 0,46 0,16 
48479 16,12 87,57 -9,70 0,46 0,40 0,46 0,16 
48482 16,23 87,57 -9,60 0,46 0,40 0,46 0,16 
48493 16,68 87,56 -9,15 0,46 0,40 0,46 0,16 
48494 16,75 87,56 -9,07 0,46 0,40 0,46 0,16 
48495 16,79 87,56 -9,03 0,46 0,40 0,46 0,16 
48497 16,84 87,56 -8,98 0,46 0,40 0,46 0,16 
48499 16,92 87,55 -8,90 0,46 0,40 0,46 0,16 
48501 17,03 87,55 -8,78 0,46 0,40 0,46 0,16 
48504 17,10 87,55 -8,72 0,46 0,40 0,46 0,16 
48507 17,16 87,55 -8,66 0,46 0,40 0,46 0,16 
48509 17,24 87,55 -8,58 0,46 0,40 0,46 0,16 
48511 17,29 87,54 -8,53 0,46 0,40 0,46 0,16 
48514 17,37 87,54 -8,45 0,46 0,40 0,46 0,16 
48517 17,45 87,54 -8,37 0,46 0,40 0,46 0,16 
48519 17,50 87,54 -8,32 0,46 0,40 0,46 0,16 
48522 17,55 87,54 -8,27 0,46 0,40 0,46 0,16 
48524 17,63 87,54 -8,19 0,46 0,40 0,46 0,16 
48527 17,67 87,53 -8,15 0,46 0,40 0,46 0,16 
48529 17,72 87,53 -8,09 0,46 0,40 0,46 0,16 
48532 17,78 87,53 -8,03 0,46 0,40 0,46 0,16 
48534 17,81 87,53 -8,00 0,46 0,40 0,46 0,16 
48537 17,86 87,53 -7,95 0,46 0,40 0,46 0,16 
48539 17,89 87,53 -7,92 0,46 0,40 0,46 0,16 
48542 17,91 87,53 -7,90 0,46 0,40 0,46 0,16 
48544 17,94 87,53 -7,86 0,46 0,40 0,46 0,16 
48547 17,97 87,53 -7,83 0,46 0,40 0,46 0,16 
48549 17,98 87,53 -7,82 0,46 0,40 0,46 0,16 
48552 18,01 87,53 -7,80 0,46 0,40 0,46 0,16 
48554 18,02 87,53 -7,78 0,46 0,40 0,46 0,16 
48557 18,02 87,53 -7,78 0,46 0,40 0,46 0,16 
48559 18,02 87,53 -7,78 0,46 0,40 0,46 0,16 
48562 18,02 87,53 -7,77 0,46 0,40 0,46 0,16 
48565 18,01 87,53 -7,78 0,46 0,40 0,46 0,16 
48567 18,01 87,53 -7,78 0,46 0,40 0,46 0,16 
48569 18,01 87,53 -7,78 0,46 0,40 0,46 0,16 
48572 18,01 87,53 -7,78 0,46 0,40 0,46 0,16 
48575 18,01 87,53 -7,78 0,46 0,40 0,46 0,16 
48576 18,01 87,53 -7,78 0,46 0,40 0,46 0,16 
48579 18,01 87,53 -7,78 0,46 0,40 0,46 0,16 
48593 17,85 87,53 -7,94 0,46 0,40 0,46 0,16 
48593 17,83 87,53 -7,97 0,46 0,40 0,46 0,16 
48594 17,81 87,53 -7,99 0,46 0,40 0,46 0,16 
48595 17,78 87,53 -8,01 0,46 0,40 0,46 0,16 
48597 17,75 87,53 -8,05 0,46 0,40 0,46 0,16 
48600 17,66 87,53 -8,14 0,46 0,40 0,46 0,16 
48602 17,60 87,53 -8,21 0,46 0,40 0,46 0,16 
48604 17,51 87,53 -8,29 0,46 0,40 0,46 0,16 
48607 17,41 87,53 -8,39 0,46 0,40 0,46 0,16 
48610 17,32 87,53 -8,48 0,46 0,40 0,46 0,16 
48612 17,24 87,53 -8,56 0,46 0,40 0,46 0,16 
48614 17,17 87,53 -8,64 0,46 0,40 0,46 0,16 
48617 17,02 87,54 -8,78 0,46 0,40 0,46 0,16 
48620 16,86 87,54 -8,95 0,46 0,40 0,46 0,16 
48622 16,77 87,54 -9,04 0,46 0,40 0,46 0,16 
48624 16,67 87,54 -9,15 0,46 0,40 0,46 0,16 
48627 16,49 87,54 -9,33 0,46 0,40 0,46 0,16 
48630 16,38 87,54 -9,43 0,46 0,40 0,46 0,16 
48632 16,25 87,53 -9,56 0,46 0,40 0,46 0,16 
48634 16,07 87,53 -9,74 0,46 0,40 0,46 0,16 
48637 15,94 87,53 -9,88 0,46 0,40 0,46 0,16 
48639 15,81 87,53 -10,00 0,46 0,40 0,46 0,16 
48642 15,61 87,53 -10,21 0,46 0,40 0,46 0,16 
48645 15,39 87,53 -10,42 0,46 0,40 0,46 0,16 
48647 15,23 87,53 -10,59 0,46 0,40 0,46 0,16 
48649 15,09 87,53 -10,73 0,46 0,40 0,46 0,16 
48652 14,83 87,53 -10,99 0,46 0,40 0,46 0,16 
48655 14,69 87,53 -11,13 0,46 0,40 0,46 0,16 
48657 14,44 87,53 -11,39 0,46 0,40 0,46 0,16 
48659 14,29 87,53 -11,54 0,46 0,40 0,46 0,16 
48662 14,10 87,53 -11,73 0,46 0,40 0,46 0,16 
48665 13,89 87,52 -11,94 0,46 0,40 0,46 0,16 
48667 13,71 87,52 -12,12 0,46 0,40 0,46 0,16 
48670 13,52 87,52 -12,32 0,46 0,40 0,46 0,16 
48672 13,44 87,52 -12,40 0,46 0,40 0,46 0,16 
48675 13,19 87,52 -12,66 0,46 0,40 0,46 0,16 
48677 13,05 87,51 -12,79 0,46 0,40 0,46 0,16 
48679 12,89 87,51 -12,96 0,46 0,40 0,46 0,16 
48682 12,67 87,51 -13,18 0,46 0,40 0,46 0,16 
48693 11,96 87,51 -13,90 0,46 0,40 0,46 0,16 
48694 11,87 87,51 -13,99 0,46 0,40 0,46 0,16 
48695 11,82 87,51 -14,05 0,46 0,40 0,46 0,16 
48696 11,74 87,51 -14,12 0,46 0,40 0,46 0,16 
48698 11,62 87,51 -14,24 0,46 0,40 0,46 0,16 
48699 11,49 87,50 -14,38 0,46 0,40 0,46 0,16 
48702 11,37 87,50 -14,51 0,46 0,40 0,46 0,16 
48705 11,16 87,50 -14,72 0,46 0,40 0,46 0,16 
48708 10,98 87,50 -14,91 0,46 0,40 0,46 0,16 
48709 10,89 87,50 -15,00 0,46 0,40 0,46 0,16 
48712 10,72 87,50 -15,16 0,46 0,40 0,46 0,16 
48715 10,58 87,50 -15,31 0,46 0,40 0,46 0,16 
48718 10,43 87,49 -15,46 0,46 0,40 0,46 0,16 
48719 10,37 87,49 -15,52 0,46 0,40 0,46 0,16 
48722 10,21 87,49 -15,69 0,46 0,40 0,46 0,16 
48725 10,04 87,49 -15,85 0,46 0,40 0,46 0,16 
48727 9,96 87,49 -15,94 0,46 0,40 0,46 0,16 
48730 9,88 87,48 -16,02 0,46 0,40 0,46 0,16 
48732 9,76 87,48 -16,14 0,46 0,40 0,46 0,16 
48735 9,62 87,48 -16,28 0,46 0,40 0,46 0,16 
48737 9,59 87,48 -16,31 0,46 0,40 0,46 0,16 
48740 9,48 87,47 -16,43 0,46 0,40 0,46 0,16 
48742 9,36 87,47 -16,56 0,46 0,40 0,46 0,16 
48745 9,28 87,46 -16,63 0,46 0,40 0,46 0,16 
48747 9,21 87,46 -16,70 0,46 0,40 0,46 0,16 
48750 9,12 87,46 -16,79 0,46 0,40 0,46 0,16 
48752 9,06 87,46 -16,85 0,46 0,40 0,46 0,16 
48755 8,99 87,45 -16,93 0,46 0,40 0,46 0,16 
48757 8,95 87,45 -16,97 0,46 0,40 0,46 0,16 
48760 8,88 87,45 -17,03 0,46 0,40 0,46 0,16 
48763 8,81 87,44 -17,11 0,46 0,40 0,46 0,16 
48765 8,78 87,44 -17,15 0,46 0,40 0,46 0,16 
48767 8,73 87,43 -17,19 0,46 0,40 0,46 0,16 
48770 8,69 87,43 -17,24 0,46 0,40 0,46 0,16 
48772 8,65 87,43 -17,28 0,46 0,40 0,46 0,16 
48775 8,62 87,42 -17,31 0,46 0,40 0,46 0,16 
48777 8,59 87,42 -17,35 0,46 0,40 0,46 0,16 
48780 8,54 87,42 -17,40 0,46 0,40 0,46 0,16 
48783 8,50 87,41 -17,44 0,46 0,40 0,46 0,16 
48796 8,20 87,39 -17,74 0,46 0,40 0,46 0,16 
48797 8,20 87,39 -17,74 0,46 0,40 0,46 0,16 
48798 8,17 87,39 -17,77 0,46 0,40 0,46 0,16 
48798 8,14 87,38 -17,81 0,46 0,40 0,46 0,16 
48800 8,08 87,38 -17,86 0,46 0,40 0,46 0,16 
48803 8,03 87,38 -17,91 0,46 0,40 0,46 0,16 
48805 7,97 87,37 -17,97 0,46 0,40 0,46 0,16 
48807 7,89 87,37 -18,05 0,46 0,40 0,46 0,16 
48810 7,83 87,37 -18,11 0,46 0,40 0,46 0,16 
48813 7,76 87,36 -18,18 0,46 0,40 0,46 0,16 
48815 7,72 87,36 -18,22 0,46 0,40 0,46 0,16 
48818 7,66 87,35 -18,28 0,46 0,40 0,46 0,16 
48820 7,59 87,35 -18,34 0,46 0,40 0,46 0,16 
48823 7,52 87,34 -18,41 0,46 0,40 0,46 0,16 
48825 7,49 87,34 -18,45 0,46 0,40 0,46 0,16 
48828 7,42 87,34 -18,51 0,46 0,40 0,46 0,16 
48830 7,34 87,33 -18,59 0,46 0,40 0,46 0,16 
48833 7,29 87,33 -18,64 0,46 0,40 0,46 0,16 
48835 7,23 87,33 -18,69 0,46 0,40 0,46 0,16 
48838 7,17 87,32 -18,75 0,46 0,40 0,46 0,16 
48840 7,12 87,32 -18,80 0,46 0,40 0,46 0,16 
48843 7,06 87,32 -18,87 0,46 0,40 0,46 0,16 
48845 7,04 87,31 -18,89 0,46 0,40 0,46 0,16 
48848 6,96 87,31 -18,96 0,46 0,40 0,46 0,16 
48850 6,92 87,31 -19,01 0,46 0,40 0,46 0,16 
48852 6,87 87,31 -19,05 0,46 0,40 0,46 0,17 
48855 6,81 87,30 -19,11 0,46 0,40 0,46 0,17 
48858 6,77 87,29 -19,15 0,46 0,40 0,46 0,17 
48860 6,71 87,29 -19,20 0,46 0,40 0,45 0,17 
48862 6,67 87,29 -19,23 0,46 0,40 0,45 0,17 
48865 6,64 87,28 -19,27 0,46 0,39 0,45 0,17 
48868 6,59 87,28 -19,31 0,46 0,39 0,45 0,17 
48871 6,57 87,28 -19,33 0,46 0,39 0,45 0,17 
48872 6,54 87,27 -19,35 0,46 0,39 0,45 0,17 
48875 6,50 87,27 -19,39 0,47 0,39 0,45 0,17 
48878 6,47 87,27 -19,42 0,47 0,39 0,45 0,17 
48880 6,41 87,26 -19,47 0,47 0,39 0,45 0,17 
48882 6,39 87,26 -19,49 0,47 0,39 0,45 0,17 
48885 6,35 87,26 -19,52 0,47 0,39 0,45 0,17 
48896 6,22 87,24 -19,64 0,47 0,39 0,45 0,17 
48897 6,22 87,24 -19,64 0,47 0,39 0,45 0,17 
48898 6,21 87,23 -19,64 0,47 0,39 0,45 0,17 
48899 6,20 87,23 -19,65 0,47 0,39 0,45 0,17 
48901 6,19 87,23 -19,66 0,47 0,39 0,45 0,17 
48902 6,17 87,23 -19,67 0,47 0,39 0,45 0,17 
48905 6,16 87,22 -19,69 0,47 0,39 0,45 0,17 
48908 6,15 87,22 -19,69 0,47 0,39 0,45 0,17 
48911 6,15 87,22 -19,70 0,47 0,39 0,45 0,17 
48913 6,14 87,22 -19,69 0,47 0,39 0,45 0,17 
48915 6,15 87,22 -19,69 0,47 0,39 0,45 0,17 
48918 6,16 87,21 -19,68 0,47 0,39 0,45 0,17 
48921 6,17 87,21 -19,66 0,47 0,39 0,45 0,17 
48923 6,18 87,21 -19,65 0,47 0,39 0,45 0,17 
48925 6,22 87,21 -19,61 0,46 0,39 0,45 0,17 
48928 6,26 87,21 -19,57 0,46 0,39 0,45 0,17 
48931 6,28 87,20 -19,54 0,46 0,39 0,45 0,17 
48932 6,31 87,20 -19,52 0,46 0,39 0,45 0,17 
48935 6,34 87,20 -19,48 0,46 0,40 0,45 0,17 
48938 6,38 87,20 -19,44 0,46 0,40 0,46 0,17 
48941 6,44 87,20 -19,38 0,46 0,40 0,46 0,17 
48943 6,47 87,20 -19,35 0,46 0,40 0,46 0,17 
48945 6,55 87,20 -19,28 0,46 0,40 0,46 0,16 
48948 6,61 87,20 -19,21 0,46 0,40 0,46 0,16 
48951 6,68 87,19 -19,15 0,46 0,40 0,46 0,16 
48953 6,72 87,19 -19,10 0,46 0,40 0,46 0,16 
48955 6,78 87,19 -19,04 0,46 0,40 0,46 0,16 
48958 6,88 87,19 -18,95 0,46 0,40 0,46 0,16 
48961 6,94 87,18 -18,90 0,46 0,40 0,46 0,16 
48963 7,05 87,18 -18,79 0,46 0,40 0,46 0,16 
48965 7,11 87,18 -18,73 0,46 0,40 0,46 0,16 
48968 7,20 87,18 -18,65 0,46 0,40 0,46 0,16 
48971 7,32 87,18 -18,54 0,46 0,40 0,46 0,16 
48973 7,41 87,18 -18,45 0,46 0,40 0,46 0,16 
48975 7,49 87,18 -18,38 0,46 0,40 0,46 0,16 
48978 7,62 87,17 -18,25 0,46 0,40 0,46 0,16 
48981 7,69 87,17 -18,18 0,46 0,40 0,46 0,16 
48983 7,80 87,17 -18,09 0,46 0,40 0,46 0,16 
48985 7,91 87,17 -17,98 0,46 0,40 0,46 0,16 
48996 8,33 87,17 -17,60 0,46 0,40 0,46 0,16 
48997 8,33 87,17 -17,60 0,46 0,40 0,46 0,16 
48998 8,39 87,17 -17,55 0,46 0,40 0,46 0,16 
48999 8,39 87,17 -17,55 0,46 0,40 0,46 0,17 
49001 8,45 87,17 -17,49 0,46 0,40 0,46 0,17 
49004 8,55 87,17 -17,41 0,46 0,40 0,46 0,17 
49005 8,60 87,17 -17,36 0,46 0,40 0,46 0,17 
49008 8,66 87,17 -17,31 0,46 0,40 0,46 0,17 
49011 8,72 87,16 -17,26 0,46 0,40 0,46 0,17 
49014 8,78 87,16 -17,22 0,46 0,40 0,46 0,17 
49015 8,82 87,16 -17,18 0,46 0,40 0,46 0,17 
49018 8,86 87,16 -17,15 0,46 0,40 0,46 0,17 
49021 8,92 87,16 -17,11 0,46 0,40 0,46 0,17 
49024 8,97 87,16 -17,06 0,46 0,40 0,46 0,17 
49025 9,00 87,16 -17,04 0,46 0,40 0,46 0,17 
49028 9,04 87,16 -17,01 0,46 0,40 0,46 0,17 
49031 9,09 87,16 -16,97 0,46 0,40 0,46 0,17 
49034 9,11 87,16 -16,95 0,46 0,40 0,46 0,17 
49035 9,14 87,16 -16,94 0,46 0,40 0,46 0,17 
49038 9,17 87,16 -16,91 0,46 0,40 0,46 0,17 
49041 9,19 87,16 -16,90 0,46 0,40 0,46 0,17 
49044 9,20 87,16 -16,90 0,46 0,40 0,46 0,17 
49045 9,21 87,16 -16,90 0,46 0,40 0,46 0,17 
49048 9,21 87,16 -16,90 0,46 0,40 0,46 0,17 
49051 9,21 87,16 -16,91 0,46 0,40 0,46 0,17 
49053 9,20 87,16 -16,93 0,46 0,40 0,46 0,17 
49055 9,19 87,16 -16,94 0,46 0,40 0,46 0,17 
49058 9,18 87,16 -16,96 0,46 0,40 0,46 0,17 
49061 9,17 87,16 -16,97 0,46 0,40 0,46 0,17 
49064 9,16 87,16 -16,99 0,46 0,40 0,46 0,17 
49065 9,15 87,16 -17,00 0,46 0,40 0,46 0,17 
49068 9,14 87,16 -17,02 0,46 0,40 0,46 0,17 
49071 9,12 87,16 -17,03 0,46 0,40 0,46 0,17 
49074 9,09 87,16 -17,07 0,46 0,40 0,46 0,17 
49075 9,07 87,16 -17,08 0,46 0,40 0,46 0,17 
49078 9,06 87,16 -17,10 0,46 0,40 0,46 0,17 
49081 9,04 87,16 -17,12 0,46 0,40 0,46 0,17 
49084 8,99 87,17 -17,17 0,46 0,40 0,46 0,17 
49099 8,71 87,17 -17,44 0,46 0,40 0,46 0,17 
49100 8,69 87,17 -17,46 0,46 0,40 0,46 0,17 
49101 8,66 87,17 -17,48 0,46 0,40 0,46 0,16 
49102 8,62 87,17 -17,51 0,46 0,40 0,46 0,16 
49104 8,61 87,17 -17,53 0,46 0,40 0,46 0,16 
49105 8,55 87,17 -17,58 0,46 0,40 0,46 0,16 
49108 8,46 87,17 -17,67 0,46 0,40 0,46 0,16 
49111 8,38 87,17 -17,74 0,46 0,40 0,46 0,16 
49114 8,32 87,17 -17,80 0,46 0,40 0,46 0,16 
49116 8,23 87,17 -17,88 0,46 0,40 0,46 0,16 
49118 8,19 87,17 -17,92 0,46 0,40 0,46 0,16 
49121 8,10 87,16 -18,00 0,46 0,40 0,46 0,16 
49124 8,02 87,16 -18,07 0,46 0,40 0,46 0,16 
49126 7,93 87,16 -18,16 0,46 0,40 0,46 0,16 
49128 7,89 87,16 -18,19 0,46 0,40 0,46 0,16 
49131 7,77 87,16 -18,31 0,46 0,40 0,46 0,16 
49134 7,68 87,16 -18,39 0,46 0,40 0,46 0,16 
49135 7,59 87,16 -18,47 0,46 0,40 0,46 0,16 
49138 7,48 87,16 -18,58 0,46 0,40 0,46 0,17 
49141 7,38 87,16 -18,67 0,46 0,40 0,46 0,17 
49144 7,26 87,16 -18,78 0,46 0,40 0,46 0,17 
49146 7,17 87,16 -18,86 0,46 0,40 0,45 0,17 
49148 7,09 87,15 -18,94 0,46 0,39 0,45 0,17 
49151 6,96 87,15 -19,06 0,46 0,39 0,45 0,17 
49154 6,86 87,15 -19,16 0,46 0,39 0,45 0,17 
49156 6,78 87,15 -19,23 0,47 0,39 0,45 0,17 
49158 6,72 87,15 -19,29 0,47 0,39 0,45 0,17 
49161 6,64 87,15 -19,36 0,47 0,39 0,45 0,17 
49164 6,54 87,15 -19,45 0,47 0,39 0,45 0,17 
49166 6,45 87,15 -19,54 0,47 0,39 0,45 0,17 
49168 6,38 87,14 -19,61 0,47 0,39 0,45 0,17 
49171 6,31 87,14 -19,67 0,47 0,39 0,45 0,17 
49174 6,20 87,14 -19,78 0,47 0,39 0,45 0,17 
49176 6,13 87,14 -19,84 0,47 0,39 0,45 0,17 
49178 6,03 87,14 -19,94 0,47 0,39 0,45 0,17 
49181 5,95 87,14 -20,01 0,47 0,39 0,45 0,18 
49184 5,83 87,13 -20,13 0,47 0,39 0,45 0,18 
49186 5,76 87,13 -20,20 0,47 0,39 0,45 0,18 
49188 5,68 87,13 -20,28 0,47 0,39 0,45 0,18 
49199 5,35 87,12 -20,60 0,47 0,38 0,44 0,18 
49200 5,32 87,12 -20,62 0,47 0,38 0,44 0,18 
49201 5,28 87,12 -20,65 0,47 0,38 0,44 0,18 
49202 5,25 87,12 -20,69 0,47 0,38 0,44 0,18 
49204 5,22 87,11 -20,72 0,47 0,38 0,44 0,18 
49206 5,17 87,11 -20,76 0,47 0,38 0,44 0,18 
49208 5,11 87,11 -20,83 0,47 0,38 0,44 0,18 
49211 5,06 87,11 -20,88 0,47 0,38 0,44 0,18 
49214 5,03 87,11 -20,91 0,47 0,38 0,44 0,18 
49217 4,99 87,10 -20,95 0,47 0,38 0,44 0,18 
49219 4,98 87,10 -20,96 0,47 0,38 0,44 0,18 
49221 4,95 87,10 -20,98 0,47 0,38 0,44 0,18 
49224 4,93 87,10 -21,01 0,47 0,38 0,44 0,18 
49227 4,91 87,09 -21,03 0,47 0,38 0,44 0,18 
49228 4,89 87,09 -21,04 0,47 0,38 0,44 0,18 
49231 4,87 87,09 -21,07 0,47 0,38 0,44 0,18 
49234 4,85 87,09 -21,09 0,47 0,38 0,44 0,18 
49236 4,83 87,09 -21,11 0,47 0,38 0,44 0,18 
49239 4,81 87,08 -21,13 0,47 0,38 0,44 0,18 
49241 4,78 87,08 -21,15 0,47 0,38 0,44 0,18 
49244 4,75 87,07 -21,20 0,47 0,38 0,44 0,18 
49246 4,71 87,07 -21,24 0,47 0,38 0,44 0,18 
49249 4,67 87,07 -21,28 0,47 0,38 0,44 0,18 
49251 4,61 87,07 -21,34 0,47 0,38 0,44 0,18 
49254 4,56 87,06 -21,39 0,47 0,38 0,44 0,18 
49256 4,54 87,06 -21,41 0,48 0,38 0,44 0,18 
49259 4,50 87,06 -21,46 0,48 0,38 0,44 0,18 
49261 4,47 87,06 -21,49 0,48 0,38 0,44 0,18 
49264 4,43 87,05 -21,53 0,48 0,38 0,44 0,18 
49267 4,39 87,05 -21,57 0,48 0,38 0,44 0,18 
49269 4,37 87,05 -21,59 0,48 0,38 0,44 0,18 
49271 4,34 87,05 -21,62 0,48 0,38 0,44 0,18 
49274 4,31 87,04 -21,65 0,48 0,38 0,44 0,18 
49277 4,28 87,04 -21,69 0,48 0,38 0,44 0,18 
49279 4,26 87,04 -21,71 0,48 0,38 0,44 0,19 
49281 4,24 87,03 -21,74 0,48 0,38 0,44 0,19 
49284 4,20 87,03 -21,77 0,48 0,38 0,44 0,19 
49287 4,17 87,03 -21,79 0,48 0,38 0,44 0,19 
49289 4,15 87,02 -21,81 0,48 0,38 0,44 0,19 
49302 4,02 87,00 -21,95 0,48 0,38 0,44 0,19 
49303 4,02 87,00 -21,96 0,48 0,38 0,44 0,19 
49304 4,02 87,00 -21,96 0,48 0,38 0,44 0,19 
49305 3,99 87,00 -21,97 0,48 0,38 0,44 0,19 
49307 3,98 87,00 -21,98 0,48 0,38 0,44 0,19 
49309 3,96 87,00 -22,01 0,48 0,38 0,44 0,19 
49311 3,93 86,99 -22,04 0,48 0,38 0,44 0,19 
49314 3,87 86,99 -22,11 0,48 0,38 0,44 0,19 
49317 3,83 86,99 -22,14 0,48 0,38 0,43 0,19 
49319 3,79 86,98 -22,19 0,48 0,38 0,43 0,19 
49321 3,74 86,98 -22,24 0,48 0,38 0,43 0,19 
49324 3,70 86,98 -22,29 0,48 0,38 0,43 0,19 
49327 3,65 86,97 -22,33 0,48 0,38 0,43 0,19 
49329 3,64 86,97 -22,35 0,48 0,38 0,43 0,19 
49331 3,59 86,97 -22,40 0,48 0,37 0,43 0,19 
49334 3,57 86,96 -22,42 0,48 0,37 0,43 0,19 
49337 3,54 86,96 -22,45 0,48 0,37 0,43 0,19 
49339 3,53 86,96 -22,46 0,48 0,37 0,43 0,19 
49341 3,52 86,96 -22,48 0,48 0,37 0,43 0,19 
49344 3,50 86,95 -22,50 0,48 0,37 0,43 0,19 
49347 3,49 86,95 -22,51 0,48 0,37 0,43 0,19 
49349 3,48 86,95 -22,52 0,48 0,37 0,43 0,19 
49351 3,46 86,95 -22,54 0,48 0,37 0,43 0,19 
49354 3,44 86,95 -22,56 0,49 0,37 0,43 0,19 
49357 3,43 86,94 -22,58 0,49 0,37 0,43 0,19 
49359 3,42 86,94 -22,58 0,48 0,37 0,43 0,19 
49361 3,41 86,94 -22,60 0,48 0,37 0,43 0,19 
49364 3,40 86,94 -22,61 0,48 0,37 0,43 0,19 
49367 3,39 86,94 -22,62 0,48 0,37 0,43 0,19 
49369 3,38 86,94 -22,63 0,48 0,37 0,43 0,19 
49371 3,38 86,93 -22,64 0,48 0,37 0,43 0,19 
49374 3,37 86,93 -22,66 0,48 0,38 0,43 0,19 
49377 3,36 86,93 -22,67 0,48 0,38 0,43 0,19 
49379 3,35 86,93 -22,69 0,48 0,38 0,43 0,19 
49381 3,33 86,93 -22,70 0,48 0,38 0,43 0,19 
49384 3,31 86,93 -22,73 0,48 0,38 0,44 0,19 
49387 3,29 86,93 -22,75 0,48 0,38 0,44 0,19 
49389 3,27 86,93 -22,78 0,48 0,38 0,43 0,19 
49402 3,18 86,93 -22,91 0,48 0,38 0,44 0,19 
49403 3,17 86,93 -22,92 0,48 0,38 0,43 0,19 
49404 3,17 86,93 -22,92 0,48 0,38 0,43 0,19 
49405 3,16 86,94 -22,93 0,48 0,38 0,43 0,19 
49407 3,15 86,94 -22,95 0,48 0,38 0,43 0,19 
49410 3,13 86,94 -22,97 0,48 0,38 0,43 0,19 
49411 3,12 86,94 -22,99 0,48 0,37 0,43 0,19 
49414 3,09 86,94 -23,02 0,48 0,37 0,43 0,19 
49417 3,06 86,94 -23,06 0,48 0,37 0,43 0,19 
49419 3,05 86,95 -23,08 0,48 0,37 0,43 0,19 
49422 2,99 86,95 -23,13 0,49 0,37 0,43 0,19 
49424 2,94 86,95 -23,19 0,49 0,37 0,43 0,19 
49427 2,89 86,96 -23,25 0,49 0,37 0,43 0,19 
49429 2,87 86,96 -23,27 0,49 0,37 0,43 0,19 
49432 2,80 86,96 -23,35 0,49 0,37 0,43 0,19 
49434 2,76 86,97 -23,39 0,49 0,37 0,43 0,19 
49437 2,68 86,98 -23,47 0,49 0,37 0,43 0,20 
49440 2,64 86,98 -23,52 0,49 0,37 0,43 0,20 
49442 2,59 86,98 -23,57 0,49 0,37 0,43 0,20 
49444 2,53 86,99 -23,63 0,49 0,37 0,42 0,20 
49447 2,48 86,99 -23,69 0,49 0,36 0,42 0,20 
49450 2,45 87,00 -23,72 0,49 0,36 0,42 0,20 
49452 2,42 87,00 -23,75 0,49 0,36 0,42 0,20 
49454 2,37 87,01 -23,80 0,49 0,36 0,42 0,20 
49457 2,35 87,01 -23,83 0,49 0,36 0,42 0,20 
49460 2,31 87,02 -23,87 0,49 0,36 0,42 0,20 
49462 2,29 87,03 -23,89 0,49 0,36 0,42 0,20 
49464 2,26 87,03 -23,91 0,49 0,36 0,42 0,20 
49467 2,24 87,04 -23,94 0,49 0,36 0,42 0,20 
49470 2,23 87,05 -23,96 0,49 0,36 0,42 0,20 
49472 2,22 87,05 -23,97 0,49 0,36 0,42 0,20 
49474 2,21 87,06 -23,99 0,49 0,36 0,42 0,20 
49477 2,20 87,07 -24,00 0,49 0,36 0,42 0,20 
49480 2,19 87,07 -24,01 0,49 0,36 0,42 0,20 
49482 2,19 87,08 -24,01 0,49 0,37 0,42 0,20 
49484 2,19 87,09 -24,02 0,49 0,36 0,42 0,20 
49487 2,20 87,10 -24,02 0,49 0,37 0,42 0,20 
49490 2,22 87,11 -24,00 0,49 0,37 0,42 0,20 
49503 7,91 86,66 -18,34 0,46 0,40 0,46 0,16 
49504 7,94 86,66 -18,31 0,46 0,40 0,46 0,16 
49504 7,97 86,67 -18,29 0,46 0,40 0,46 0,17 
49505 8,00 86,67 -18,26 0,46 0,40 0,46 0,17 
49507 8,05 86,68 -18,20 0,46 0,40 0,46 0,17 
49509 8,10 86,68 -18,16 0,46 0,40 0,46 0,17 
49512 8,20 86,69 -18,06 0,46 0,40 0,46 0,17 
49515 8,29 86,70 -17,97 0,46 0,40 0,46 0,17 
49517 8,39 86,71 -17,88 0,46 0,40 0,46 0,17 
49519 8,48 86,72 -17,78 0,46 0,40 0,46 0,17 
49522 8,59 86,73 -17,68 0,46 0,40 0,46 0,17 
49525 8,69 86,75 -17,57 0,46 0,40 0,46 0,17 
49527 8,81 86,76 -17,45 0,46 0,40 0,46 0,17 
49529 8,87 86,76 -17,40 0,46 0,40 0,46 0,17 
49532 9,03 86,77 -17,23 0,46 0,40 0,46 0,17 
49535 9,12 86,78 -17,14 0,46 0,40 0,46 0,17 
49537 9,32 86,79 -16,94 0,46 0,40 0,46 0,17 
49539 9,37 86,80 -16,88 0,46 0,40 0,46 0,17 
49542 9,55 86,81 -16,70 0,46 0,40 0,46 0,17 
49545 9,66 86,82 -16,60 0,46 0,40 0,46 0,17 
49547 9,84 86,83 -16,40 0,46 0,40 0,46 0,17 
49550 9,95 86,84 -16,29 0,46 0,40 0,46 0,17 
49552 10,09 86,85 -16,14 0,46 0,40 0,46 0,17 
49555 10,29 86,87 -15,95 0,46 0,40 0,46 0,17 
49557 10,43 86,87 -15,80 0,46 0,40 0,46 0,17 
49560 10,62 86,88 -15,60 0,46 0,40 0,46 0,17 
49562 10,76 86,89 -15,46 0,46 0,40 0,46 0,17 
49565 10,94 86,90 -15,28 0,46 0,40 0,46 0,17 
49567 11,08 86,91 -15,13 0,46 0,40 0,46 0,17 
49570 11,26 86,92 -14,95 0,46 0,40 0,46 0,17 
49572 11,35 86,92 -14,85 0,46 0,40 0,46 0,17 
49575 11,54 86,93 -14,66 0,46 0,40 0,46 0,17 
49577 11,71 86,94 -14,49 0,46 0,40 0,46 0,17 
49580 11,92 86,94 -14,27 0,46 0,40 0,46 0,17 
49582 11,99 86,95 -14,19 0,46 0,40 0,46 0,17 
49585 12,21 86,95 -13,97 0,46 0,40 0,46 0,17 
49587 12,33 86,96 -13,84 0,46 0,40 0,46 0,17 
49590 12,54 86,96 -13,62 0,46 0,40 0,46 0,17 
49592 12,66 86,97 -13,50 0,46 0,40 0,46 0,17 
49605 13,50 86,99 -12,63 0,46 0,40 0,46 0,17 
49606 13,54 86,99 -12,58 0,46 0,40 0,46 0,17 
49607 13,61 87,00 -12,51 0,46 0,40 0,46 0,16 
49608 13,69 87,00 -12,42 0,46 0,40 0,46 0,16 
49610 13,81 87,00 -12,31 0,46 0,40 0,46 0,16 
49612 13,93 87,00 -12,18 0,46 0,40 0,46 0,16 
49615 14,06 87,01 -12,05 0,46 0,40 0,46 0,16 
49617 14,24 87,01 -11,86 0,46 0,40 0,46 0,16 
49620 14,38 87,01 -11,72 0,46 0,40 0,46 0,16 
49623 14,57 87,01 -11,53 0,46 0,40 0,46 0,16 
49625 14,67 87,01 -11,43 0,46 0,40 0,46 0,16 
49627 14,83 87,02 -11,27 0,46 0,40 0,46 0,16 
49630 14,94 87,02 -11,16 0,46 0,40 0,46 0,16 
49633 15,07 87,03 -11,03 0,46 0,40 0,46 0,16 
49635 15,13 87,03 -10,96 0,46 0,40 0,46 0,16 
49637 15,24 87,03 -10,86 0,46 0,40 0,46 0,16 
49640 15,36 87,03 -10,73 0,46 0,40 0,46 0,16 
49642 15,40 87,03 -10,70 0,46 0,40 0,46 0,16 
49645 15,51 87,03 -10,59 0,46 0,40 0,46 0,16 
49647 15,61 87,03 -10,50 0,46 0,40 0,46 0,16 
49650 15,68 87,03 -10,42 0,46 0,40 0,46 0,16 
49652 15,74 87,03 -10,37 0,46 0,40 0,46 0,16 
49655 15,80 87,04 -10,32 0,46 0,40 0,46 0,16 
49657 15,89 87,04 -10,23 0,46 0,40 0,46 0,16 
49660 15,94 87,04 -10,18 0,46 0,40 0,46 0,16 
49662 15,99 87,04 -10,14 0,46 0,40 0,46 0,16 
49665 16,07 87,04 -10,07 0,46 0,40 0,46 0,16 
49668 16,12 87,04 -10,03 0,46 0,40 0,46 0,16 
49670 16,19 87,04 -9,96 0,46 0,40 0,46 0,16 
49672 16,21 87,04 -9,94 0,46 0,40 0,46 0,16 
49675 16,26 87,04 -9,90 0,46 0,40 0,46 0,16 
49678 16,33 87,04 -9,84 0,46 0,40 0,46 0,16 
49680 16,36 87,04 -9,81 0,46 0,40 0,46 0,16 
49682 16,42 87,03 -9,76 0,46 0,40 0,46 0,16 
49685 16,48 87,03 -9,71 0,46 0,40 0,46 0,16 
49688 16,53 87,03 -9,67 0,46 0,40 0,46 0,16 
49690 16,57 87,03 -9,64 0,46 0,40 0,46 0,16 
49692 16,60 87,03 -9,61 0,46 0,40 0,46 0,16 
49706 16,80 87,02 -9,44 0,46 0,40 0,46 0,16 
49707 16,82 87,02 -9,43 0,46 0,40 0,46 0,16 
49708 16,82 87,02 -9,43 0,46 0,40 0,46 0,16 
49709 16,85 87,02 -9,41 0,46 0,40 0,46 0,16 
49710 16,86 87,01 -9,40 0,46 0,40 0,46 0,16 
49712 16,89 87,01 -9,38 0,46 0,40 0,46 0,16 
49715 16,92 87,01 -9,34 0,46 0,40 0,46 0,16 
49718 16,95 87,01 -9,32 0,46 0,40 0,46 0,16 
49720 17,01 87,01 -9,27 0,46 0,40 0,46 0,16 
49722 17,03 87,00 -9,25 0,46 0,40 0,46 0,16 
49725 17,06 87,00 -9,23 0,46 0,40 0,46 0,16 
49728 17,10 87,00 -9,20 0,46 0,40 0,46 0,16 
49730 17,14 87,00 -9,16 0,46 0,40 0,46 0,16 
49732 17,16 86,99 -9,15 0,46 0,40 0,46 0,16 
49735 10,21 87,46 -16,08 0,46 0,40 0,46 0,16 
49738 10,25 87,46 -16,05 0,46 0,40 0,46 0,16 
49741 10,28 87,46 -16,03 0,46 0,40 0,46 0,16 
49742 10,30 87,46 -16,01 0,46 0,40 0,46 0,16 
49745 10,33 87,45 -15,99 0,46 0,40 0,46 0,16 
49748 10,34 87,45 -15,98 0,46 0,40 0,46 0,16 
49751 10,37 87,45 -15,96 0,46 0,40 0,46 0,16 
49752 10,38 87,45 -15,95 0,46 0,40 0,46 0,16 
49755 10,40 87,45 -15,93 0,46 0,40 0,46 0,16 
49758 10,43 87,45 -15,91 0,46 0,40 0,46 0,16 
49761 10,45 87,44 -15,89 0,46 0,40 0,46 0,16 
49762 10,46 87,44 -15,88 0,46 0,40 0,46 0,16 
49765 10,47 87,44 -15,88 0,46 0,40 0,46 0,16 
49768 10,48 87,44 -15,87 0,46 0,40 0,46 0,16 
49771 10,49 87,44 -15,86 0,46 0,40 0,46 0,16 
49772 10,49 87,44 -15,86 0,46 0,40 0,46 0,16 
49775 10,51 87,44 -15,85 0,46 0,40 0,46 0,16 
49778 10,51 87,44 -15,85 0,46 0,40 0,46 0,16 
49781 10,51 87,44 -15,85 0,46 0,40 0,46 0,16 
49783 10,51 87,44 -15,85 0,46 0,40 0,46 0,16 
49785 10,51 87,44 -15,85 0,46 0,40 0,46 0,16 
49788 10,51 87,44 -15,85 0,46 0,40 0,46 0,16 
49790 10,51 87,44 -15,85 0,46 0,40 0,46 0,16 
49793 10,51 87,44 -15,85 0,46 0,40 0,46 0,16 
49795 10,51 87,44 -15,85 0,46 0,40 0,46 0,16 
49806 10,50 87,44 -15,85 0,46 0,40 0,46 0,16 
49807 10,50 87,44 -15,85 0,46 0,40 0,46 0,16 
49808 10,50 87,44 -15,85 0,46 0,40 0,46 0,16 
49809 10,50 87,44 -15,85 0,46 0,40 0,46 0,16 
49811 10,49 87,44 -15,86 0,46 0,40 0,46 0,16 
49813 10,49 87,44 -15,86 0,46 0,40 0,46 0,16 
49815 10,49 87,44 -15,86 0,46 0,40 0,46 0,16 
49818 10,48 87,44 -15,86 0,46 0,40 0,46 0,16 
49820 10,48 87,44 -15,86 0,46 0,40 0,46 0,16 
49823 10,46 87,44 -15,89 0,46 0,40 0,46 0,16 
49825 10,44 87,44 -15,90 0,46 0,40 0,46 0,16 
49828 10,44 87,44 -15,90 0,46 0,40 0,46 0,16 
49830 10,44 87,44 -15,90 0,46 0,40 0,46 0,16 
49833 10,40 87,44 -15,94 0,46 0,40 0,46 0,16 
49835 10,38 87,44 -15,96 0,46 0,40 0,46 0,16 
49838 10,35 87,45 -16,00 0,46 0,40 0,46 0,16 
49840 10,33 87,45 -16,02 0,46 0,40 0,46 0,16 
49843 10,27 87,45 -16,07 0,46 0,40 0,46 0,16 
49846 10,24 87,45 -16,11 0,46 0,40 0,46 0,16 
49848 10,18 87,45 -16,16 0,46 0,40 0,46 0,16 
49850 10,15 87,46 -16,19 0,46 0,40 0,46 0,16 
49853 10,11 87,46 -16,23 0,46 0,40 0,46 0,16 
49856 10,06 87,46 -16,28 0,46 0,40 0,46 0,16 
49858 10,01 87,46 -16,34 0,46 0,40 0,46 0,16 
49860 9,98 87,46 -16,36 0,46 0,40 0,46 0,16 
49863 9,94 87,47 -16,40 0,46 0,40 0,46 0,16 
49866 9,90 87,47 -16,44 0,46 0,40 0,46 0,16 
49868 9,87 87,47 -16,47 0,46 0,40 0,46 0,16 
49870 9,84 87,48 -16,51 0,46 0,40 0,46 0,16 
49873 9,79 87,48 -16,55 0,46 0,40 0,46 0,16 
49876 9,75 87,48 -16,59 0,46 0,40 0,46 0,16 
49878 9,71 87,48 -16,63 0,46 0,40 0,46 0,16 
49880 9,66 87,49 -16,68 0,46 0,40 0,46 0,16 
49883 9,62 87,49 -16,73 0,46 0,40 0,46 0,16 
49886 9,57 87,49 -16,78 0,46 0,40 0,46 0,16 
49888 9,55 87,49 -16,80 0,46 0,40 0,46 0,16 
49890 9,49 87,50 -16,86 0,46 0,40 0,46 0,16 
49893 9,45 87,50 -16,90 0,46 0,40 0,46 0,16 
49909 9,19 87,52 -17,17 0,46 0,40 0,46 0,16 
49910 9,16 87,52 -17,20 0,46 0,40 0,46 0,16 
49911 9,16 87,52 -17,20 0,46 0,40 0,46 0,16 
49912 9,15 87,52 -17,22 0,46 0,40 0,46 0,16 
49913 9,12 87,53 -17,24 0,46 0,40 0,46 0,16 
49915 9,10 87,53 -17,26 0,46 0,40 0,46 0,16 
49918 9,09 87,53 -17,27 0,46 0,40 0,46 0,16 
49921 9,09 87,53 -17,27 0,46 0,40 0,46 0,16 
49923 9,09 87,54 -17,28 0,46 0,40 0,46 0,16 
49925 9,08 87,54 -17,28 0,46 0,40 0,46 0,16 
49928 9,07 87,54 -17,29 0,46 0,40 0,46 0,16 
49931 9,06 87,54 -17,30 0,46 0,40 0,46 0,16 
49934 9,06 87,54 -17,30 0,46 0,40 0,46 0,16 
49935 9,06 87,55 -17,30 0,46 0,40 0,46 0,16 
49938 9,08 87,55 -17,28 0,46 0,40 0,46 0,16 
49941 9,10 87,55 -17,27 0,46 0,40 0,46 0,16 
49943 9,11 87,55 -17,25 0,46 0,40 0,46 0,16 
49946 9,14 87,56 -17,22 0,46 0,40 0,46 0,16 
49948 9,17 87,56 -17,19 0,46 0,40 0,46 0,16 
49951 9,19 87,56 -17,17 0,46 0,40 0,46 0,16 
49953 9,21 87,56 -17,16 0,46 0,40 0,46 0,16 
49956 9,22 87,56 -17,14 0,46 0,40 0,46 0,16 
49958 9,27 87,56 -17,09 0,46 0,40 0,46 0,16 
49961 9,30 87,57 -17,06 0,46 0,40 0,46 0,16 
49963 9,34 87,57 -17,02 0,46 0,40 0,46 0,16 
49966 9,38 87,57 -16,98 0,46 0,40 0,46 0,16 
49968 9,41 87,57 -16,95 0,46 0,40 0,46 0,16 
49971 9,45 87,57 -16,91 0,46 0,40 0,46 0,16 
49973 9,48 87,57 -16,88 0,46 0,40 0,46 0,16 
49976 9,53 87,57 -16,83 0,46 0,40 0,46 0,16 
49978 9,58 87,58 -16,78 0,46 0,40 0,46 0,16 
49981 9,63 87,58 -16,72 0,46 0,40 0,46 0,16 
49983 9,69 87,58 -16,67 0,46 0,40 0,46 0,16 
49986 9,76 87,58 -16,60 0,46 0,40 0,46 0,16 
49988 9,83 87,59 -16,52 0,46 0,40 0,46 0,16 
49991 9,92 87,59 -16,44 0,46 0,40 0,46 0,16 
49993 9,94 87,59 -16,41 0,46 0,40 0,46 0,16 
49996 10,04 87,59 -16,32 0,46 0,40 0,46 0,16 
49998 10,09 87,59 -16,27 0,46 0,40 0,46 0,16 
50009 10,42 87,59 -15,95 0,46 0,40 0,46 0,16 
50010 10,44 87,59 -15,93 0,46 0,40 0,46 0,16 
50011 10,48 87,59 -15,89 0,46 0,40 0,46 0,16 
50012 10,50 87,59 -15,86 0,46 0,40 0,46 0,16 
50014 10,54 87,59 -15,83 0,46 0,40 0,46 0,16 
50016 10,61 87,59 -15,75 0,46 0,40 0,46 0,16 
50018 10,71 87,59 -15,66 0,46 0,40 0,46 0,16 
50021 10,82 87,59 -15,55 0,46 0,40 0,46 0,16 
50024 10,87 87,59 -15,50 0,46 0,40 0,46 0,16 
50026 10,92 87,60 -15,45 0,46 0,40 0,46 0,16 
50028 10,99 87,60 -15,38 0,46 0,40 0,46 0,16 
50031 11,07 87,60 -15,30 0,46 0,40 0,46 0,16 
50034 11,12 87,60 -15,25 0,46 0,40 0,46 0,16 
50036 11,17 87,60 -15,20 0,46 0,40 0,46 0,16 
50038 11,24 87,60 -15,13 0,46 0,40 0,46 0,16 
50041 11,29 87,61 -15,07 0,46 0,40 0,46 0,16 
50044 11,37 87,61 -15,00 0,46 0,40 0,46 0,16 
50046 11,41 87,61 -14,96 0,46 0,40 0,46 0,16 
50049 11,49 87,61 -14,88 0,46 0,40 0,46 0,16 
50051 11,58 87,62 -14,78 0,46 0,40 0,46 0,16 
50054 11,63 87,62 -14,73 0,46 0,40 0,46 0,16 
50056 11,71 87,62 -14,66 0,46 0,40 0,46 0,16 
50059 11,78 87,62 -14,58 0,46 0,40 0,46 0,16 
50061 11,85 87,63 -14,51 0,46 0,40 0,46 0,16 
50064 11,92 87,63 -14,44 0,46 0,40 0,46 0,16 
50066 11,94 87,63 -14,42 0,46 0,40 0,46 0,16 
50069 12,01 87,64 -14,35 0,46 0,40 0,46 0,16 
50071 12,05 87,64 -14,31 0,46 0,40 0,46 0,16 
50074 12,10 87,64 -14,26 0,46 0,40 0,46 0,16 
50076 12,12 87,64 -14,24 0,46 0,40 0,46 0,16 
50079 12,17 87,65 -14,19 0,46 0,40 0,46 0,16 
50081 12,22 87,65 -14,15 0,46 0,40 0,46 0,16 
50083 12,24 87,65 -14,13 0,46 0,40 0,46 0,16 
50086 12,27 87,65 -14,10 0,46 0,40 0,46 0,16 
50089 12,30 87,66 -14,07 0,46 0,40 0,46 0,16 
50091 12,31 87,66 -14,06 0,46 0,40 0,46 0,16 
50094 12,32 87,66 -14,06 0,46 0,40 0,46 0,16 
50096 12,31 87,67 -14,07 0,46 0,40 0,46 0,16 
50109 12,12 87,68 -14,26 0,46 0,40 0,46 0,16 
50110 12,11 87,68 -14,27 0,46 0,40 0,46 0,16 
50111 12,07 87,68 -14,30 0,46 0,40 0,46 0,16 
50112 12,07 87,68 -14,30 0,46 0,40 0,46 0,16 
50114 12,00 87,68 -14,38 0,46 0,40 0,46 0,16 
50117 11,93 87,69 -14,45 0,46 0,40 0,46 0,16 
50118 11,85 87,69 -14,52 0,46 0,40 0,46 0,16 
50121 11,74 87,70 -14,64 0,46 0,40 0,46 0,16 
50124 11,65 87,70 -14,72 0,46 0,40 0,46 0,16 
50127 11,54 87,70 -14,84 0,46 0,40 0,46 0,16 
50129 11,45 87,70 -14,93 0,46 0,40 0,46 0,16 
50131 11,33 87,71 -15,05 0,46 0,40 0,46 0,16 
50134 11,24 87,71 -15,13 0,46 0,40 0,46 0,16 
50137 11,13 87,71 -15,24 0,46 0,40 0,46 0,16 
50138 11,07 87,71 -15,29 0,46 0,40 0,46 0,16 
50141 10,97 87,71 -15,40 0,46 0,40 0,46 0,16 
50144 10,87 87,72 -15,50 0,46 0,40 0,46 0,16 
50147 10,76 87,72 -15,61 0,46 0,40 0,46 0,16 
50149 10,66 87,72 -15,71 0,46 0,40 0,46 0,16 
50151 10,54 87,72 -15,83 0,46 0,40 0,46 0,16 
50154 10,45 87,72 -15,91 0,46 0,40 0,46 0,16 
50157 10,35 87,72 -16,01 0,46 0,40 0,46 0,16 
50159 10,30 87,73 -16,07 0,46 0,40 0,46 0,16 
50161 10,18 87,73 -16,18 0,46 0,40 0,46 0,16 
50164 10,12 87,73 -16,24 0,46 0,40 0,46 0,16 
50167 10,02 87,73 -16,35 0,46 0,40 0,46 0,16 
50169 9,96 87,73 -16,40 0,46 0,40 0,46 0,16 
50171 9,89 87,73 -16,47 0,46 0,40 0,46 0,16 
50174 9,79 87,73 -16,57 0,46 0,40 0,46 0,16 
50177 9,72 87,73 -16,64 0,46 0,40 0,46 0,16 
50179 9,65 87,73 -16,71 0,46 0,40 0,46 0,16 
50181 9,53 87,73 -16,83 0,46 0,40 0,46 0,16 
50184 9,46 87,73 -16,90 0,46 0,40 0,46 0,16 
50187 9,33 87,73 -17,03 0,46 0,40 0,46 0,16 
50189 9,26 87,73 -17,10 0,46 0,40 0,46 0,16 
50191 9,16 87,73 -17,19 0,46 0,40 0,46 0,16 
50194 9,06 87,72 -17,30 0,46 0,40 0,46 0,16 
50197 8,97 87,72 -17,40 0,46 0,40 0,46 0,16 
50212 8,42 87,70 -17,92 0,46 0,40 0,46 0,16 
50213 8,39 87,70 -17,96 0,46 0,40 0,46 0,16 
50214 8,36 87,70 -18,00 0,46 0,40 0,46 0,16 
50215 8,33 87,70 -18,02 0,46 0,40 0,46 0,16 
50217 8,29 87,70 -18,06 0,46 0,40 0,46 0,16 
50219 8,16 87,69 -18,19 0,46 0,40 0,46 0,16 
50221 8,09 87,68 -18,26 0,46 0,40 0,46 0,16 
50224 8,01 87,68 -18,34 0,46 0,40 0,46 0,16 
50227 7,90 87,68 -18,45 0,46 0,40 0,46 0,16 
50230 7,83 87,67 -18,52 0,46 0,40 0,46 0,16 
50231 7,77 87,67 -18,58 0,46 0,40 0,46 0,16 
50234 7,67 87,66 -18,69 0,46 0,40 0,46 0,16 
50237 7,57 87,66 -18,79 0,46 0,40 0,46 0,16 
50240 7,50 87,65 -18,85 0,46 0,40 0,46 0,16 
50241 7,45 87,65 -18,91 0,46 0,40 0,46 0,16 
50244 7,38 87,64 -18,98 0,46 0,40 0,46 0,16 
50247 7,31 87,63 -19,06 0,46 0,40 0,46 0,16 
50250 7,26 87,62 -19,12 0,46 0,40 0,46 0,16 
50251 7,22 87,62 -19,16 0,46 0,40 0,46 0,16 
50254 7,19 87,61 -19,19 0,46 0,40 0,46 0,16 
50257 7,13 87,60 -19,25 0,46 0,40 0,46 0,16 
50260 7,10 87,60 -19,28 0,46 0,40 0,46 0,16 
50261 7,08 87,59 -19,31 0,46 0,40 0,46 0,16 
50264 7,05 87,58 -19,35 0,46 0,40 0,46 0,16 
50267 7,03 87,57 -19,37 0,46 0,40 0,46 0,16 
50269 7,03 87,56 -19,38 0,46 0,40 0,46 0,16 
50272 7,02 87,55 -19,39 0,46 0,40 0,46 0,16 
50274 7,02 87,54 -19,40 0,46 0,40 0,46 0,16 
50277 7,02 87,53 -19,40 0,46 0,40 0,46 0,16 
50280 7,03 87,52 -19,40 0,46 0,40 0,46 0,16 
50281 7,03 87,51 -19,40 0,46 0,40 0,46 0,16 
50284 7,04 87,50 -19,40 0,46 0,40 0,46 0,16 
50287 7,06 87,49 -19,39 0,46 0,40 0,46 0,16 
50289 7,06 87,48 -19,39 0,46 0,40 0,46 0,16 
50292 7,08 87,47 -19,38 0,46 0,40 0,46 0,16 
50294 7,09 87,45 -19,37 0,46 0,40 0,46 0,16 
50297 7,12 87,43 -19,35 0,46 0,40 0,46 0,16 
50299 7,14 87,43 -19,34 0,46 0,40 0,46 0,16 
50313 7,28 87,34 -19,23 0,46 0,40 0,46 0,16 
50313 7,28 87,34 -19,23 0,46 0,40 0,46 0,16 
50314 7,30 87,33 -19,22 0,46 0,40 0,46 0,16 
50315 7,30 87,33 -19,22 0,46 0,40 0,46 0,16 
50317 7,32 87,31 -19,20 0,46 0,40 0,46 0,16 
50319 7,33 87,29 -19,19 0,46 0,40 0,46 0,16 
50322 7,36 87,28 -19,18 0,46 0,40 0,46 0,16 
50324 7,40 87,26 -19,14 0,46 0,40 0,46 0,16 
50327 7,43 87,24 -19,13 0,46 0,40 0,46 0,16 
50329 7,45 87,22 -19,11 0,46 0,40 0,46 0,16 
50332 7,47 87,20 -19,09 0,46 0,40 0,46 0,16 
50334 7,49 87,18 -19,08 0,46 0,40 0,46 0,16 
50337 7,51 87,16 -19,08 0,46 0,40 0,46 0,16 
50339 7,51 87,14 -19,08 0,46 0,40 0,46 0,16 
50342 7,53 87,11 -19,08 0,46 0,40 0,46 0,16 
50345 7,53 87,09 -19,08 0,46 0,40 0,46 0,16 
50347 7,54 87,06 -19,08 0,46 0,40 0,46 0,16 
50349 7,55 87,04 -19,08 0,46 0,40 0,46 0,16 
50352 7,56 87,00 -19,08 0,46 0,40 0,46 0,16 
50354 7,56 86,98 -19,09 0,46 0,40 0,46 0,16 
50357 7,55 86,95 -19,10 0,46 0,40 0,46 0,16 
50359 7,55 86,93 -19,11 0,46 0,40 0,46 0,16 
50362 7,54 86,90 -19,12 0,46 0,40 0,46 0,16 
50365 7,53 86,86 -19,16 0,46 0,40 0,46 0,16 
50367 7,51 86,84 -19,17 0,46 0,40 0,46 0,16 
50369 7,49 86,81 -19,20 0,46 0,40 0,46 0,16 
50372 7,47 86,77 -19,23 0,46 0,40 0,46 0,16 
50375 7,44 86,74 -19,26 0,46 0,40 0,46 0,16 
50377 7,42 86,71 -19,29 0,46 0,40 0,46 0,16 
50380 7,39 86,67 -19,33 0,46 0,40 0,46 0,16 
50382 7,38 86,65 -19,35 0,46 0,40 0,46 0,16 
50385 7,33 86,61 -19,40 0,46 0,40 0,46 0,16 
50387 7,28 86,57 -19,45 0,46 0,40 0,46 0,16 
50389 7,27 86,55 -19,47 0,46 0,40 0,46 0,16 
50392 7,20 86,50 -19,55 0,46 0,40 0,46 0,16 
50395 7,16 86,48 -19,59 0,46 0,40 0,46 0,16 
50397 7,09 86,43 -19,67 0,46 0,40 0,46 0,16 
50400 7,04 86,40 -19,72 0,46 0,40 0,46 0,16 
50413 6,71 86,20 -20,08 0,46 0,40 0,46 0,16 
50414 6,70 86,18 -20,10 0,46 0,40 0,46 0,16 
50415 6,67 86,16 -20,13 0,46 0,40 0,46 0,16 
50416 6,64 86,14 -20,17 0,46 0,40 0,46 0,16 
50417 6,59 86,11 -20,22 0,46 0,40 0,46 0,16 
50419 6,57 86,10 -20,24 0,46 0,40 0,46 0,16 
50422 6,49 86,04 -20,33 0,46 0,40 0,46 0,16 
50425 6,45 86,01 -20,37 0,46 0,40 0,46 0,16 
50427 6,36 85,94 -20,48 0,46 0,40 0,46 0,16 
50429 6,31 85,91 -20,53 0,46 0,40 0,46 0,16 
50432 6,24 85,87 -20,60 0,46 0,40 0,46 0,16 
50435 6,17 85,82 -20,68 0,46 0,40 0,46 0,16 
50437 6,11 85,78 -20,75 0,46 0,40 0,46 0,16 
50439 6,06 85,74 -20,80 0,46 0,40 0,46 0,16 
50442 6,02 85,71 -20,85 0,46 0,40 0,46 0,16 
50445 5,94 85,65 -20,94 0,46 0,40 0,46 0,16 
50447 5,87 85,58 -21,03 0,46 0,40 0,46 0,16 
50449 5,85 85,56 -21,05 0,46 0,40 0,46 0,16 
50452 5,78 85,51 -21,13 0,46 0,40 0,46 0,16 
50455 5,71 85,45 -21,21 0,46 0,40 0,46 0,16 
50457 5,67 85,41 -21,26 0,46 0,40 0,46 0,16 
50460 5,60 85,34 -21,34 0,46 0,40 0,46 0,16 
50462 5,56 85,31 -21,39 0,46 0,40 0,46 0,16 
50465 5,53 85,26 -21,43 0,46 0,40 0,46 0,16 
50467 5,47 85,20 -21,51 0,46 0,40 0,46 0,16 
50470 5,43 85,15 -21,56 0,46 0,40 0,46 0,16 
50472 5,41 85,13 -21,58 0,46 0,40 0,46 0,16 
50475 5,37 85,06 -21,63 0,46 0,40 0,46 0,17 
50477 5,34 85,00 -21,68 0,46 0,40 0,46 0,17 
50480 5,32 84,95 -21,70 0,46 0,40 0,46 0,17 
50483 5,30 84,89 -21,74 0,46 0,40 0,46 0,17 
50485 5,28 84,86 -21,75 0,46 0,40 0,45 0,17 
50487 5,27 84,80 -21,78 0,46 0,40 0,45 0,17 
50490 5,25 84,75 -21,80 0,46 0,39 0,45 0,17 
50493 5,23 84,69 -21,83 0,46 0,39 0,45 0,17 
50495 5,22 84,66 -21,84 0,46 0,39 0,45 0,17 
50497 5,20 84,58 -21,87 0,46 0,39 0,45 0,17 
50500 5,17 84,50 -21,91 0,46 0,39 0,45 0,17 
50502 5,16 84,48 -21,92 0,46 0,39 0,45 0,17 
50516 5,00 84,15 -22,11 0,47 0,39 0,45 0,17 
50517 4,99 84,11 -22,13 0,47 0,39 0,45 0,17 
50517 4,97 84,09 -22,14 0,47 0,39 0,45 0,17 
50518 4,96 84,06 -22,16 0,47 0,39 0,45 0,17 
50520 4,93 84,01 -22,19 0,47 0,39 0,45 0,17 
50522 4,90 83,95 -22,23 0,47 0,39 0,45 0,17 
50525 4,87 83,89 -22,26 0,47 0,39 0,45 0,18 
50528 4,82 83,80 -22,31 0,47 0,39 0,45 0,18 
50530 4,80 83,74 -22,34 0,47 0,39 0,45 0,18 
50532 4,76 83,67 -22,38 0,47 0,39 0,45 0,18 
50535 4,72 83,59 -22,42 0,47 0,39 0,45 0,18 
50537 4,69 83,51 -22,46 0,47 0,39 0,45 0,18 
50540 4,65 83,42 -22,51 0,47 0,39 0,44 0,18 
50543 4,63 83,34 -22,54 0,47 0,38 0,44 0,18 
50545 4,60 83,28 -22,56 0,47 0,38 0,44 0,18 
50547 4,50 82,64 -22,67 0,47 0,38 0,44 0,18 
50550 4,48 82,53 -22,70 0,48 0,38 0,44 0,18 
50553 4,46 82,47 -22,71 0,48 0,38 0,44 0,18 
50555 4,44 82,39 -22,73 0,48 0,38 0,44 0,18 
50557 4,42 82,27 -22,76 0,48 0,38 0,44 0,18 
50560 4,40 82,19 -22,78 0,48 0,38 0,44 0,18 
50563 4,37 82,07 -22,80 0,48 0,38 0,44 0,18 
50565 4,36 82,02 -22,82 0,48 0,38 0,44 0,18 
50568 4,33 81,91 -22,85 0,48 0,38 0,44 0,18 
50570 4,30 81,78 -22,88 0,48 0,38 0,44 0,18 
50572 4,28 81,74 -22,89 0,48 0,38 0,44 0,19 
50575 4,25 81,60 -22,93 0,48 0,38 0,44 0,19 
50578 4,21 81,49 -22,97 0,48 0,38 0,44 0,19 
50580 4,17 81,38 -23,01 0,48 0,38 0,44 0,18 
50582 4,15 81,31 -23,04 0,48 0,38 0,44 0,18 
50585 4,11 81,22 -23,07 0,48 0,38 0,44 0,18 
50588 4,06 81,08 -23,14 0,48 0,38 0,44 0,18 
50590 4,03 80,99 -23,18 0,47 0,38 0,44 0,18 
50593 3,96 80,84 -23,25 0,47 0,38 0,44 0,18 
50595 3,92 80,75 -23,30 0,47 0,38 0,44 0,18 
50598 3,88 80,65 -23,35 0,47 0,39 0,44 0,18 
50600 3,81 80,50 -23,43 0,47 0,39 0,44 0,18 
50602 3,77 80,42 -23,47 0,47 0,39 0,45 0,18 
50605 3,71 80,26 -23,56 0,47 0,39 0,45 0,18 
50616 3,53 79,85 -23,78 0,47 0,39 0,45 0,18 
50617 3,48 79,74 -23,84 0,47 0,39 0,45 0,18 
50618 3,48 79,74 -23,84 0,47 0,39 0,45 0,18 
50619 3,43 79,61 -23,67 0,47 0,39 0,45 0,18 
50620 3,43 79,61 -23,67 0,47 0,39 0,45 0,18 
50623 3,24 80,05 -23,87 0,47 0,39 0,44 0,18 
50626 3,14 79,81 -23,99 0,47 0,39 0,44 0,18 
50627 3,09 79,70 -24,06 0,47 0,39 0,44 0,18 
50630 3,04 79,56 -24,13 0,47 0,38 0,44 0,18 
50633 2,99 79,44 -24,19 0,47 0,38 0,44 0,18 
50635 2,94 79,33 -24,25 0,47 0,38 0,44 0,18 
50638 2,89 79,20 -24,32 0,47 0,38 0,44 0,18 
50640 2,84 79,07 -24,18 0,47 0,38 0,44 0,18 
50643 3,09 79,55 -23,82 0,47 0,39 0,44 0,18 
50646 3,03 79,42 -23,90 0,47 0,39 0,44 0,18 
50648 2,97 79,27 -23,98 0,47 0,39 0,44 0,18 
50651 2,91 79,12 -24,06 0,47 0,39 0,44 0,18 
50652 2,85 78,98 -24,13 0,47 0,39 0,44 0,18 
50655 2,75 78,71 -24,26 0,47 0,39 0,44 0,18 
50657 2,70 78,57 -24,09 0,47 0,39 0,44 0,18 
50660 2,74 79,03 -24,00 0,47 0,39 0,45 0,18 
50663 2,68 78,86 -24,08 0,47 0,39 0,45 0,18 
50665 2,64 78,72 -24,14 0,47 0,39 0,45 0,18 
50668 2,59 78,59 -24,21 0,47 0,39 0,45 0,18 
50670 2,54 78,43 -24,28 0,47 0,39 0,45 0,18 
50673 2,47 78,15 -24,40 0,47 0,39 0,45 0,18 
50676 2,55 78,59 -24,07 0,47 0,39 0,45 0,17 
50678 2,52 78,44 -24,13 0,47 0,39 0,45 0,17 
50681 2,47 78,29 -24,19 0,47 0,39 0,45 0,17 
50683 2,43 78,12 -24,26 0,47 0,39 0,45 0,17 
50685 2,40 77,97 -24,31 0,47 0,39 0,45 0,17 
50688 2,32 77,64 -24,43 0,47 0,39 0,45 0,17 
50690 2,30 77,48 -24,48 0,47 0,39 0,45 0,17 
50693 2,26 77,30 -24,54 0,47 0,39 0,45 0,17 
50695 2,26 77,30 -24,54 0,47 0,39 0,45 0,17 
50698 2,41 77,53 -24,20 0,47 0,39 0,45 0,17 
50700 2,38 77,37 -24,25 0,47 0,39 0,45 0,17 
50703 2,35 77,20 -24,30 0,47 0,39 0,45 0,17 
50719 2,21 75,90 -24,59 0,47 0,39 0,44 0,18 
50720 2,20 75,70 -24,62 0,47 0,39 0,44 0,18 
50721 2,20 75,70 -24,62 0,47 0,39 0,44 0,18 
50722 2,20 75,54 -24,64 0,47 0,39 0,44 0,18 
50723 2,20 75,54 -24,64 0,47 0,39 0,44 0,18 
50725 2,19 75,17 -24,69 0,47 0,38 0,44 0,18 
50728 2,18 75,00 -24,71 0,47 0,38 0,44 0,18 
50730 2,18 74,82 -24,73 0,47 0,38 0,44 0,18 
50733 2,18 74,62 -24,74 0,47 0,38 0,44 0,18 
50735 2,18 74,44 -24,76 0,48 0,38 0,44 0,18 
50738 2,19 74,02 -24,79 0,48 0,38 0,44 0,18 
50741 2,20 73,85 -24,79 0,48 0,38 0,44 0,18 
50743 2,20 73,67 -24,80 0,48 0,38 0,44 0,18 
50746 2,22 73,28 -24,81 0,48 0,38 0,44 0,19 
50748 2,23 73,09 -24,81 0,48 0,38 0,43 0,19 
50751 2,24 72,86 -24,81 0,48 0,37 0,43 0,19 
50753 2,26 72,47 -24,80 0,49 0,37 0,43 0,19 
50755 2,26 72,47 -24,80 0,49 0,37 0,43 0,19 
50758 2,29 72,04 -24,79 0,49 0,37 0,43 0,20 
50760 2,30 71,83 -24,77 0,49 0,37 0,43 0,20 
50763 2,31 71,58 -24,76 0,49 0,37 0,42 0,20 
50766 2,34 71,14 -24,75 0,50 0,36 0,42 0,20 
50768 2,35 70,89 -24,73 0,50 0,36 0,42 0,20 
50771 2,36 70,67 -24,72 0,50 0,36 0,42 0,21 
50773 2,37 70,44 -24,71 0,50 0,36 0,42 0,21 
50776 2,38 69,95 -24,69 0,50 0,35 0,41 0,21 
50778 2,39 69,70 -24,67 0,51 0,35 0,41 0,21 
50780 2,39 69,42 -24,66 0,51 0,35 0,41 0,21 
50783 2,40 69,19 -24,65 0,51 0,35 0,41 0,21 
50786 2,40 68,61 -24,63 0,51 0,34 0,41 0,22 
50788 2,40 68,37 -24,62 0,50 0,34 0,42 0,22 
50791 2,40 68,12 -24,61 0,50 0,33 0,42 0,23 
50793 2,40 67,83 -24,60 0,49 0,33 0,42 0,23 
50796 2,39 67,33 -24,59 0,48 0,32 0,43 0,24 
50799 2,38 67,02 -24,58 0,48 0,32 0,44 0,25 
50800 2,38 66,75 -24,58 0,47 0,31 0,44 0,25 
50803 2,37 66,48 -24,58 0,47 0,31 0,45 0,25 
50805 2,37 66,16 -24,58 0,47 0,31 0,45 0,26 
50808 2,36 65,63 -24,57 0,46 0,30 0,46 0,26 
50819 2,32 64,11 -24,59 0,44 0,29 0,48 0,27 
50820 2,32 63,82 -24,59 0,43 0,29 0,48 0,27 
50821 2,32 63,82 -24,59 0,43 0,29 0,48 0,27 
50822 2,31 63,48 -24,60 0,43 0,29 0,49 0,27 
50823 2,31 63,48 -24,60 0,43 0,29 0,49 0,27 
50826 2,29 62,92 -24,62 0,42 0,29 0,49 0,27 
50829 2,28 62,52 -24,64 0,42 0,29 0,50 0,27 
50831 2,27 62,22 -24,65 0,42 0,29 0,50 0,27 
50834 2,26 61,93 -24,67 0,42 0,29 0,50 0,27 
50836 2,26 61,61 -24,68 0,41 0,29 0,50 0,27 
50838 2,24 61,02 -24,72 0,41 0,30 0,51 0,27 
50840 2,22 60,70 -24,74 0,41 0,30 0,51 0,27 
50843 2,22 60,40 -24,76 0,40 0,30 0,51 0,26 
50846 2,20 59,79 -24,82 0,40 0,30 0,52 0,26 
50848 2,19 59,50 -24,84 0,40 0,31 0,52 0,26 
50851 2,19 59,21 -24,87 0,40 0,31 0,52 0,25 
50853 2,18 58,86 -24,90 0,40 0,31 0,52 0,25 
50856 2,16 58,30 -24,96 0,39 0,32 0,52 0,25 
50859 2,16 57,95 -25,00 0,39 0,32 0,52 0,24 
50861 2,15 57,67 -25,03 0,39 0,32 0,53 0,24 
50864 2,14 57,05 -25,10 0,39 0,33 0,53 0,24 
50865 2,14 56,76 -25,14 0,39 0,33 0,53 0,23 
50868 2,14 56,47 -25,18 0,39 0,33 0,53 0,23 
50871 2,13 56,15 -25,22 0,39 0,33 0,52 0,23 
50873 2,13 55,85 -25,26 0,39 0,34 0,52 0,23 
50876 2,13 55,19 -25,36 0,40 0,34 0,52 0,23 
50878 2,12 54,91 -25,40 0,40 0,34 0,52 0,22 
50881 2,12 54,64 -25,43 0,40 0,34 0,52 0,22 
50884 2,12 54,06 -25,53 0,40 0,34 0,51 0,22 
50886 2,12 53,78 -25,57 0,40 0,35 0,51 0,22 
50889 2,11 53,46 -25,63 0,41 0,35 0,51 0,22 
50891 2,11 53,18 -25,67 0,41 0,35 0,51 0,21 
50893 2,11 52,58 -25,77 0,41 0,35 0,51 0,21 
50896 2,11 52,31 -25,82 0,41 0,35 0,50 0,21 
50898 2,11 52,04 -25,87 0,41 0,36 0,50 0,21 
50901 2,11 51,45 -25,98 0,42 0,36 0,50 0,21 
50903 2,11 51,45 -25,98 0,42 0,36 0,50 0,20 
50906 2,11 50,86 -26,09 0,42 0,36 0,50 0,20 
50908 2,11 50,60 -26,14 0,42 0,36 0,49 0,20 
50919 2,11 49,13 -26,40 0,42 0,36 0,50 0,20 
50920 2,10 48,85 -26,44 0,42 0,36 0,50 0,20 
50921 2,10 48,85 -26,44 0,42 0,36 0,50 0,20 
50922 2,10 48,59 -26,48 0,42 0,36 0,50 0,20 
50923 2,10 48,59 -26,48 0,42 0,36 0,50 0,20 
50927 2,10 48,04 -26,58 0,42 0,36 0,50 0,21 
50930 2,10 47,51 -26,66 0,42 0,36 0,50 0,21 
50931 2,10 47,51 -26,66 0,42 0,36 0,50 0,21 
50934 2,10 47,01 -26,74 0,41 0,35 0,50 0,21 
50936 2,10 47,01 -26,74 0,41 0,35 0,50 0,21 
50939 0,03 59,38 -18,80 0,47 0,36 0,45 0,20 
50941 0,03 59,04 -18,21 0,47 0,36 0,45 0,20 
50943 0,02 58,73 -18,24 0,47 0,36 0,44 0,20 
50946 0,01 58,41 -17,76 0,48 0,36 0,44 0,20 
50948 -0,47 58,59 -18,20 0,49 0,36 0,43 0,21 
50951 -0,48 58,26 -17,73 0,49 0,36 0,43 0,21 
50954 -0,49 57,71 -17,78 0,50 0,35 0,42 0,21 
50956 -0,49 57,71 -17,78 0,50 0,35 0,42 0,21 
50959 -0,51 57,14 -17,84 0,51 0,35 0,41 0,21 
50961 -0,52 56,82 -17,06 0,51 0,35 0,41 0,21 
50964 -0,83 57,00 -17,34 0,51 0,34 0,40 0,22 
50967 -0,85 56,67 -16,82 0,52 0,34 0,40 0,22 
50969 -0,87 56,39 -16,84 0,52 0,34 0,40 0,22 
50971 -0,88 56,08 -16,38 0,52 0,34 0,40 0,23 
50973 -0,91 55,80 -16,41 0,52 0,33 0,39 0,23 
50976 -0,92 55,54 -16,43 0,53 0,33 0,39 0,23 
50978 -0,95 55,25 -16,12 0,53 0,33 0,39 0,23 
50981 -1,03 55,24 -16,21 0,53 0,33 0,39 0,24 
50984 -1,06 54,93 -16,24 0,53 0,33 0,38 0,24 
50986 -1,09 54,67 -16,27 0,53 0,32 0,38 0,24 
50989 -1,12 54,42 -16,29 0,53 0,32 0,38 0,24 
50991 -1,15 54,14 -15,75 0,54 0,32 0,38 0,24 
50994 -1,18 53,87 -15,79 0,54 0,32 0,38 0,24 
50997 -1,22 53,57 -15,39 0,54 0,32 0,38 0,25 
50999 -1,26 53,31 -15,43 0,54 0,32 0,38 0,25 
51002 -1,33 52,78 -15,50 0,54 0,32 0,37 0,25 
51004 -1,33 52,78 -15,50 0,54 0,31 0,37 0,25 
51006 -1,41 52,25 -15,05 0,55 0,31 0,37 0,25 
51008 -1,41 52,25 -15,05 0,55 0,31 0,37 0,25 
51022 -1,40 51,07 -14,02 0,55 0,31 0,37 0,26 
51023 -1,45 50,81 -14,07 0,55 0,31 0,37 0,26 
51024 -1,45 50,81 -14,07 0,55 0,31 0,37 0,26 
51025 -1,45 50,81 -14,07 0,55 0,31 0,37 0,26 
51026 -1,51 50,56 -14,12 0,55 0,31 0,36 0,26 
51029 -1,55 50,33 -14,16 0,55 0,30 0,36 0,26 
51032 -1,61 50,09 -14,21 0,55 0,30 0,36 0,26 
51034 -1,67 49,83 -13,81 0,55 0,30 0,36 0,26 
51037 -1,77 49,39 -13,91 0,55 0,30 0,36 0,26 
51039 -1,83 49,14 -13,96 0,55 0,30 0,36 0,26 
51041 -1,16 48,90 -13,46 0,55 0,31 0,37 0,26 
51044 -1,23 48,65 -13,53 0,55 0,31 0,37 0,26 
51046 -1,28 48,45 -13,59 0,55 0,31 0,37 0,26 
51049 -1,33 48,24 -13,64 0,55 0,31 0,37 0,26 
51051 -1,40 48,00 -13,12 0,55 0,31 0,37 0,26 
51054 -1,46 47,78 -13,18 0,55 0,31 0,37 0,26 
51056 -1,53 47,52 -13,26 0,55 0,31 0,37 0,26 
51059 -1,59 47,33 -13,32 0,55 0,31 0,37 0,26 
51062 -1,71 46,90 -12,80 0,55 0,31 0,37 0,25 
51064 -1,71 46,90 -12,80 0,55 0,31 0,37 0,25 
51067 -1,10 46,44 -12,40 0,54 0,32 0,38 0,25 
51069 -1,16 46,23 -11,93 0,54 0,32 0,38 0,25 
51071 -1,21 46,03 -12,00 0,54 0,32 0,38 0,24 
51074 -1,27 45,83 -12,07 0,54 0,32 0,38 0,24 
51076 -1,32 45,65 -12,13 0,54 0,32 0,38 0,24 
51079 -1,37 45,48 -12,19 0,54 0,32 0,38 0,24 
51082 -1,03 44,73 -12,01 0,53 0,33 0,39 0,24 
51084 -1,07 44,57 -12,07 0,53 0,33 0,39 0,24 
51087 -1,12 44,39 -12,13 0,53 0,33 0,39 0,24 
51089 -1,16 44,22 -12,20 0,53 0,33 0,39 0,24 
51092 -1,21 44,02 -11,65 0,53 0,33 0,39 0,23 
51094 -0,92 43,38 -11,48 0,52 0,33 0,39 0,23 
51097 -0,96 43,23 -11,54 0,52 0,33 0,39 0,23 
51099 -1,05 42,88 -11,67 0,52 0,33 0,39 0,23 
51101 -1,08 42,75 -11,73 0,52 0,33 0,39 0,23 
51104 -1,13 42,58 -11,79 0,52 0,33 0,39 0,23 
51106 -1,16 42,45 -11,84 0,52 0,33 0,39 0,23 
51109 -1,19 42,32 -11,89 0,52 0,33 0,39 0,23 
51122 -1,42 41,38 -12,27 0,53 0,33 0,39 0,23 
51123 -1,42 41,38 -12,27 0,53 0,33 0,39 0,23 
51124 -1,45 41,25 -12,31 0,53 0,33 0,39 0,23 
51125 -1,45 41,25 -12,31 0,53 0,33 0,39 0,23 
51126 -1,48 41,14 -12,36 0,53 0,33 0,39 0,23 
51129 -1,51 41,00 -12,41 0,53 0,33 0,39 0,23 
51132 -1,57 40,76 -12,50 0,53 0,33 0,39 0,23 
51134 -1,60 40,63 -12,56 0,53 0,33 0,39 0,23 
51137 -1,62 40,52 -12,60 0,53 0,33 0,39 0,23 
51140 -1,67 40,28 -12,69 0,53 0,33 0,39 0,23 
51142 -1,69 40,17 -12,73 0,53 0,33 0,39 0,23 
51144 -1,72 40,05 -12,77 0,53 0,33 0,39 0,23 
51146 -1,74 39,93 -12,82 0,53 0,33 0,39 0,23 
51149 -1,76 39,82 -12,85 0,53 0,33 0,39 0,23 
51152 -1,80 39,60 -12,93 0,52 0,33 0,39 0,23 
51154 -1,81 39,50 -12,97 0,52 0,33 0,39 0,23 
51157 -1,83 39,40 -13,00 0,52 0,33 0,39 0,23 
51159 -1,85 39,28 -13,04 0,52 0,34 0,39 0,23 
51162 -1,87 39,09 -13,10 0,52 0,34 0,39 0,23 
51165 -1,88 38,98 -13,13 0,52 0,34 0,39 0,23 
51167 -1,90 38,88 -13,16 0,52 0,34 0,39 0,23 
51169 -1,92 38,67 -13,22 0,52 0,33 0,39 0,23 
51171 -1,92 38,57 -13,24 0,52 0,33 0,39 0,23 
51174 -1,93 38,48 -13,27 0,52 0,33 0,39 0,23 
51177 -1,94 38,37 -13,29 0,52 0,33 0,39 0,23 
51179 -1,94 38,27 -13,32 0,52 0,33 0,39 0,23 
51182 -1,96 38,06 -13,37 0,52 0,33 0,39 0,23 
51184 -1,96 37,96 -13,38 0,52 0,33 0,39 0,23 
51187 -1,97 37,87 -13,40 0,52 0,33 0,39 0,23 
51190 -1,97 37,65 -13,44 0,52 0,33 0,39 0,23 
51192 -1,98 37,56 -13,45 0,52 0,33 0,39 0,23 
51195 -1,98 37,45 -13,47 0,52 0,33 0,39 0,23 
51197 -1,98 37,36 -13,48 0,52 0,33 0,39 0,23 
51199 -1,98 37,27 -13,49 0,52 0,33 0,39 0,23 
51201 -1,98 37,16 -13,51 0,52 0,33 0,39 0,23 
51204 -1,98 36,98 -13,53 0,52 0,34 0,39 0,23 
51207 -1,97 36,76 -13,55 0,52 0,34 0,39 0,23 
51210 -1,97 36,62 -13,56 0,52 0,34 0,39 0,23 
51223 -1,93 35,98 -13,60 0,52 0,34 0,40 0,22 
51224 -1,92 35,95 -13,61 0,52 0,34 0,40 0,22 
51224 -1,92 35,90 -13,61 0,52 0,34 0,40 0,22 
51225 -1,92 35,86 -13,61 0,52 0,34 0,40 0,22 
51227 -1,91 35,76 -13,61 0,52 0,34 0,40 0,22 
51230 -1,90 35,65 -13,61 0,52 0,34 0,40 0,22 
51232 -1,88 35,57 -13,62 0,51 0,34 0,40 0,22 
51234 -1,86 35,42 -13,62 0,51 0,34 0,40 0,22 
51237 -1,85 35,31 -13,62 0,51 0,35 0,40 0,22 
51240 -1,83 35,17 -13,62 0,51 0,35 0,41 0,22 
51242 -1,81 35,07 -13,62 0,51 0,35 0,41 0,22 
51244 -1,80 34,99 -13,62 0,51 0,35 0,41 0,21 
51247 -1,77 34,84 -13,62 0,51 0,35 0,41 0,21 
51250 -1,74 34,71 -13,62 0,51 0,35 0,41 0,21 
51252 -1,72 34,61 -13,61 0,50 0,35 0,41 0,21 
51254 -1,70 34,53 -13,61 0,50 0,36 0,41 0,21 
51257 -1,66 34,38 -13,60 0,50 0,36 0,42 0,21 
51260 -1,63 34,25 -13,59 0,50 0,36 0,42 0,20 
51262 -1,59 34,14 -13,59 0,50 0,36 0,42 0,20 
51264 -1,58 34,08 -13,58 0,50 0,36 0,42 0,20 
51267 -1,53 33,93 -13,56 0,49 0,36 0,42 0,20 
51270 -1,48 33,81 -13,55 0,49 0,37 0,43 0,20 
51272 -1,45 33,71 -13,54 0,49 0,37 0,43 0,20 
51274 -1,42 33,62 -13,53 0,49 0,37 0,43 0,19 
51277 -1,37 33,50 -13,51 0,49 0,37 0,43 0,19 
51280 -1,33 33,42 -13,50 0,49 0,37 0,43 0,19 
51282 -1,27 33,28 -13,49 0,48 0,37 0,43 0,19 
51285 -1,23 33,16 -13,47 0,48 0,38 0,43 0,19 
51287 -1,20 33,10 -13,46 0,48 0,38 0,44 0,19 
51290 -1,15 32,99 -13,45 0,48 0,38 0,44 0,18 
51292 -1,09 32,87 -13,43 0,48 0,38 0,44 0,18 
51295 -1,03 32,75 -13,41 0,47 0,38 0,44 0,18 
51297 -1,00 32,70 -13,40 0,47 0,39 0,44 0,18 
51300 -0,94 32,59 -13,39 0,47 0,39 0,45 0,18 
51302 -0,87 32,47 -13,37 0,47 0,39 0,45 0,17 
51305 -0,83 32,39 -13,36 0,47 0,39 0,45 0,17 
51308 -0,76 32,28 -13,34 0,46 0,39 0,45 0,17 
51309 -0,72 32,20 -13,34 0,46 0,40 0,46 0,17 
51312 -0,66 32,11 -13,32 0,46 0,40 0,46 0,16 
51325 -0,32 31,62 -13,27 0,46 0,40 0,46 0,16 
51326 -0,31 31,60 -13,26 0,46 0,40 0,46 0,16 
51327 -0,29 31,58 -13,26 0,46 0,40 0,46 0,16 
51328 -0,26 31,54 -13,26 0,46 0,40 0,46 0,16 
51330 -0,22 31,48 -13,25 0,46 0,40 0,46 0,16 
51333 -0,15 31,39 -13,24 0,46 0,40 0,46 0,16 
51334 -0,12 31,35 -13,24 0,46 0,40 0,46 0,16 
51337 -0,04 31,26 -13,23 0,46 0,40 0,46 0,16 
51340 0,02 31,17 -13,22 0,46 0,40 0,46 0,16 
51343 0,09 31,09 -13,22 0,46 0,40 0,46 0,16 
51344 0,12 31,05 -13,22 0,46 0,40 0,46 0,16 
51347 0,18 30,98 -13,21 0,46 0,40 0,46 0,16 
51350 0,24 30,89 -13,21 0,46 0,40 0,46 0,16 
51353 0,30 30,82 -13,21 0,46 0,40 0,46 0,16 
51355 0,34 30,76 -13,21 0,46 0,40 0,46 0,16 
51357 0,38 30,71 -13,21 0,46 0,40 0,46 0,17 
51360 0,43 30,64 -13,21 0,46 0,40 0,45 0,17 
51362 0,47 30,58 -13,21 0,46 0,39 0,45 0,17 
51365 0,51 30,53 -13,21 0,47 0,39 0,45 0,17 
51367 0,54 30,47 -13,21 0,47 0,39 0,45 0,17 
51370 0,58 30,41 -13,22 0,47 0,39 0,45 0,18 
51372 0,61 30,36 -13,22 0,47 0,39 0,44 0,18 
51375 0,64 30,30 -13,22 0,47 0,38 0,44 0,18 
51377 0,67 30,25 -13,23 0,48 0,38 0,44 0,18 
51380 0,70 30,20 -13,23 0,48 0,38 0,44 0,18 
51382 0,73 30,16 -13,24 0,48 0,38 0,44 0,18 
51385 0,75 30,11 -13,24 0,48 0,38 0,44 0,19 
51388 0,77 30,06 -13,26 0,48 0,38 0,44 0,19 
51390 0,79 30,03 -13,26 0,48 0,38 0,43 0,19 
51392 0,81 29,99 -13,27 0,48 0,37 0,43 0,19 
51395 0,83 29,96 -13,28 0,48 0,37 0,43 0,19 
51398 0,85 29,92 -13,29 0,49 0,37 0,43 0,19 
51400 0,86 29,89 -13,29 0,49 0,37 0,43 0,19 
51402 0,88 29,86 -13,30 0,49 0,37 0,43 0,19 
51405 0,89 29,83 -13,31 0,49 0,37 0,43 0,19 
51408 0,91 29,81 -13,32 0,49 0,37 0,43 0,20 
51410 0,92 29,79 -13,33 0,49 0,36 0,42 0,20 
51412 0,93 29,77 -13,34 0,49 0,36 0,42 0,20 
51426 0,95 29,71 -13,37 0,51 0,35 0,41 0,21 
51427 0,95 29,71 -13,37 0,51 0,35 0,41 0,21 
51427 0,95 29,71 -13,37 0,51 0,35 0,41 0,21 
51428 0,95 29,71 -13,38 0,51 0,35 0,41 0,21 
51430 0,95 29,71 -13,38 0,51 0,35 0,41 0,22 
51433 0,94 29,70 -13,38 0,52 0,34 0,40 0,22 
51435 0,94 29,70 -13,39 0,52 0,34 0,40 0,22 
51437 0,93 29,71 -13,39 0,52 0,34 0,40 0,23 
51440 0,92 29,71 -13,39 0,52 0,33 0,39 0,23 
51443 0,90 29,71 -13,39 0,53 0,33 0,39 0,23 
51445 0,88 29,72 -13,39 0,53 0,33 0,39 0,23 
51447 0,87 29,73 -13,39 0,53 0,33 0,39 0,24 
51450 0,85 29,75 -13,39 0,53 0,33 0,38 0,24 
51453 0,83 29,76 -13,39 0,53 0,32 0,38 0,24 
51455 0,81 29,77 -13,39 0,54 0,32 0,38 0,24 
51457 0,80 29,78 -13,39 0,54 0,32 0,38 0,24 
51460 0,77 29,81 -13,39 0,54 0,32 0,38 0,24 
51463 0,75 29,83 -13,39 0,54 0,32 0,38 0,24 
51465 0,73 29,85 -13,39 0,54 0,32 0,38 0,24 
51467 0,71 29,87 -13,39 0,54 0,32 0,38 0,24 
51470 0,69 29,90 -13,39 0,54 0,32 0,38 0,24 
51473 0,66 29,93 -13,39 0,54 0,32 0,38 0,24 
51475 0,64 29,96 -13,38 0,54 0,32 0,38 0,24 
51478 0,63 29,99 -13,38 0,54 0,32 0,38 0,24 
51480 0,61 30,02 -13,38 0,54 0,32 0,38 0,24 
51483 0,59 30,05 -13,38 0,54 0,32 0,38 0,24 
51485 0,57 30,09 -13,38 0,53 0,32 0,38 0,24 
51488 0,55 30,13 -13,37 0,54 0,32 0,38 0,24 
51490 0,54 30,16 -13,37 0,54 0,32 0,38 0,24 
51493 0,52 30,19 -13,37 0,54 0,32 0,38 0,24 
51495 0,50 30,24 -13,36 0,54 0,32 0,38 0,24 
51498 0,49 30,27 -13,35 0,54 0,32 0,38 0,24 
51500 0,47 30,32 -13,35 0,54 0,32 0,38 0,24 
51502 0,46 30,36 -13,34 0,54 0,32 0,38 0,24 
51505 0,44 30,40 -13,34 0,54 0,32 0,38 0,24 
51508 0,42 30,46 -13,33 0,54 0,32 0,38 0,24 
51511 0,40 30,50 -13,32 0,54 0,32 0,38 0,25 
51512 0,38 30,53 -13,31 0,54 0,32 0,38 0,25 
51515 0,37 30,58 -13,30 0,54 0,32 0,37 0,25 
51526 0,28 30,78 -13,26 0,55 0,31 0,37 0,25 
51527 0,27 30,80 -13,26 0,55 0,31 0,37 0,25 
51528 0,27 30,80 -13,26 0,55 0,31 0,37 0,25 
51529 0,26 30,82 -13,25 0,55 0,31 0,37 0,25 
51530 0,24 30,86 -13,24 0,55 0,31 0,37 0,25 
51533 0,22 30,91 -13,23 0,55 0,31 0,37 0,25 
51535 0,20 30,94 -13,22 0,55 0,31 0,37 0,26 
51538 0,18 30,98 -13,21 0,55 0,31 0,37 0,26 
51540 0,15 31,03 -13,19 0,55 0,31 0,37 0,26 
51543 0,13 31,07 -13,18 0,55 0,31 0,37 0,26 
51545 0,10 31,11 -13,17 0,55 0,31 0,37 0,26 
51548 0,08 31,16 -13,16 0,55 0,31 0,37 0,26 
51550 0,06 31,20 -13,15 0,55 0,31 0,37 0,26 
51553 0,03 31,24 -13,14 0,55 0,31 0,37 0,25 
51556 0,01 31,28 -13,13 0,55 0,31 0,37 0,25 
51558 0,00 31,30 -13,13 0,55 0,31 0,37 0,25 
51560 -0,02 31,35 -13,12 0,55 0,31 0,37 0,25 
51563 -0,04 31,39 -13,11 0,54 0,31 0,37 0,25 
51566 -0,05 31,42 -13,10 0,54 0,32 0,38 0,25 
51567 -0,07 31,45 -13,09 0,54 0,32 0,38 0,25 
51570 -0,08 31,48 -13,09 0,54 0,32 0,38 0,24 
51573 -0,09 31,53 -13,07 0,54 0,32 0,38 0,24 
51576 -0,10 31,56 -13,07 0,53 0,32 0,38 0,24 
51577 -0,12 31,59 -13,06 0,53 0,32 0,38 0,24 
51580 -0,12 31,61 -13,06 0,53 0,32 0,38 0,24 
51583 -0,13 31,65 -13,05 0,53 0,33 0,38 0,24 
51586 -0,15 31,69 -13,05 0,53 0,33 0,38 0,24 
51588 -0,15 31,71 -13,04 0,53 0,33 0,39 0,24 
51590 3,69 1,60 -22,03 0,49 0,34 0,43 0,23 
51593 3,37 -0,63 -22,35 0,45 0,31 0,47 0,25 
51596 3,35 -0,59 -22,34 0,45 0,31 0,47 0,25 
51598 3,35 -0,57 -22,34 0,45 0,31 0,47 0,25 
51600 3,33 -0,55 -22,33 0,45 0,31 0,47 0,25 
51603 3,32 -0,52 -22,32 0,45 0,31 0,47 0,25 
51606 3,31 -0,49 -22,32 0,45 0,31 0,47 0,25 
51608 3,30 -0,46 -22,31 0,45 0,31 0,47 0,25 
51610 3,29 -0,44 -22,31 0,45 0,31 0,47 0,25 
51613 3,29 -0,42 -22,30 0,45 0,31 0,47 0,25 
51626 3,23 -0,31 -22,28 0,45 0,31 0,47 0,25 
51627 3,23 -0,30 -22,28 0,45 0,31 0,47 0,25 
51628 3,22 -0,30 -22,28 0,45 0,31 0,47 0,25 
51629 3,22 -0,29 -22,28 0,45 0,31 0,47 0,25 
51631 3,22 -0,29 -22,27 0,45 0,31 0,47 0,25 
51633 3,20 -0,26 -22,26 0,45 0,31 0,47 0,25 
51635 2,82 -0,43 -22,26 0,45 0,30 0,47 0,26 
51638 2,82 -0,42 -22,26 0,45 0,30 0,47 0,26 
51641 2,81 -0,41 -22,26 0,44 0,31 0,47 0,26 
51644 2,80 -0,39 -22,25 0,44 0,31 0,48 0,26 
51645 2,80 -0,38 -22,25 0,44 0,31 0,48 0,26 
51648 2,80 -0,37 -22,25 0,44 0,31 0,48 0,26 
51651 2,80 -0,36 -22,25 0,44 0,31 0,48 0,26 
51654 2,79 -0,35 -22,25 0,44 0,31 0,48 0,26 
51655 2,79 -0,34 -22,25 0,43 0,31 0,48 0,26 
51658 2,38 -0,35 -22,25 0,44 0,30 0,48 0,26 
51661 2,38 -0,35 -22,25 0,43 0,30 0,48 0,26 
51664 2,38 -0,34 -22,25 0,43 0,30 0,48 0,26 
51665 2,38 -0,34 -22,25 0,43 0,30 0,49 0,26 
51668 2,38 -0,33 -22,25 0,43 0,30 0,49 0,26 
51671 2,38 -0,33 -21,70 0,43 0,30 0,49 0,26 
51673 2,38 -0,33 -21,70 0,43 0,30 0,49 0,26 
51675 2,39 -0,32 -21,70 0,43 0,30 0,49 0,27 
51678 2,39 -0,32 -21,70 0,43 0,30 0,49 0,27 
51681 1,98 -0,37 -21,70 0,43 0,29 0,49 0,27 
51683 1,98 -0,37 -21,70 0,43 0,29 0,48 0,28 
51685 1,98 -0,37 -21,70 0,43 0,29 0,48 0,28 
51688 1,98 -0,38 -21,70 0,43 0,28 0,48 0,28 
51691 1,97 -0,38 -21,69 0,43 0,28 0,48 0,28 
51694 1,97 -0,38 -21,69 0,43 0,28 0,48 0,28 
51695 1,97 -0,39 -21,69 0,43 0,28 0,48 0,28 
51698 1,96 -0,40 -21,69 0,43 0,28 0,48 0,29 
51701 1,95 -0,41 -21,68 0,44 0,27 0,48 0,29 
51704 1,94 -0,41 -21,68 0,44 0,27 0,48 0,29 
51706 1,93 -0,42 -21,68 0,44 0,27 0,48 0,29 
51708 1,92 -0,43 -21,67 0,44 0,27 0,48 0,29 
51711 1,92 -0,44 -21,67 0,44 0,27 0,48 0,29 
51713 1,91 -0,45 -21,67 0,44 0,27 0,48 0,29 
51727 1,54 -0,24 -21,65 0,44 0,27 0,48 0,29 
51727 1,54 -0,24 -21,65 0,44 0,27 0,48 0,29 
51728 1,54 -0,25 -21,65 0,44 0,27 0,48 0,29 
